Date,Close,High,Low,Open,Volume
2020-01-02,233.4199981689453,233.47000122070312,231.77000427246094,232.89999389648438,1449300
2020-01-03,232.63999938964844,234.5,230.22999572753906,231.24000549316406,1315400
2020-01-06,235.42999267578125,235.52999877929688,230.8000030517578,231.49000549316406,1460700
2020-01-07,233.6999969482422,236.85000610351562,233.33999633789062,235.5,1367900
2020-01-08,237.27000427246094,238.00999450683594,234.00999450683594,234.8800048828125,1883900
2020-01-09,235.89999389648438,239.47000122070312,235.2899932861328,239.22000122070312,1141300
2020-01-10,234.83999633789062,236.27999877929688,233.25999450683594,236.2100067138672,1178100
2020-01-13,245.17999267578125,245.35000610351562,238.11000061035156,238.57000732421875,4118600
2020-01-14,243.77000427246094,247.50999450683594,243.4499969482422,246.27999877929688,1644000
2020-01-15,243.49000549316406,246.0399932861328,243.38999938964844,245.14999389648438,996800
2020-01-16,243.7100067138672,245.52000427246094,241.7899932861328,245.0,1409700
2020-01-17,241.25,245.72999572753906,241.14999389648438,245.50999450683594,1335400
2020-01-21,242.52000427246094,243.47999572753906,240.0,241.42999267578125,1604700
2020-01-22,244.3000030517578,246.02000427246094,243.05999755859375,243.3000030517578,1205800
2020-01-23,243.05999755859375,244.27999877929688,241.5,242.6199951171875,868700
2020-01-24,240.35000610351562,245.05999755859375,239.27000427246094,243.74000549316406,938200
2020-01-27,236.74000549316406,237.8699951171875,231.83999633789062,233.8000030517578,1292000
2020-01-28,239.35000610351562,240.19000244140625,236.3300018310547,238.66000366210938,971400
2020-01-29,243.66000366210938,244.3300018310547,238.77000427246094,240.32000732421875,998200
2020-01-30,243.77000427246094,244.0,240.89999389648438,241.83999633789062,770900
2020-01-31,239.38999938964844,243.5800018310547,239.3000030517578,243.47999572753906,1391600
2020-02-03,246.3699951171875,247.6999969482422,240.17999267578125,240.17999267578125,1792000
2020-02-04,247.99000549316406,250.10000610351562,247.66000366210938,249.85000610351562,1354900
2020-02-05,243.89999389648438,249.7100067138672,243.55999755859375,249.14999389648438,1518600
2020-02-06,243.77999877929688,244.52999877929688,242.7899932861328,244.35000610351562,1155900
2020-02-07,243.50999450683594,246.88999938964844,242.1699981689453,243.77000427246094,1087600
2020-02-10,248.5399932861328,249.74000549316406,244.02000427246094,244.02000427246094,1192100
2020-02-11,251.5800018310547,252.38999938964844,248.33999633789062,249.33999633789062,1014700
2020-02-12,253.94000244140625,254.16000366210938,250.77999877929688,252.11000061035156,658100
2020-02-13,253.86000061035156,256.79998779296875,252.3699951171875,253.41000366210938,905300
2020-02-14,254.41000366210938,256.0,253.14999389648438,254.67999267578125,950700
2020-02-18,259.2300109863281,259.739990234375,253.66000366210938,254.00999450683594,1273700
2020-02-19,262.510009765625,263.5,259.80999755859375,261.0,908000
2020-02-20,263.67999267578125,266.20001220703125,258.75,262.92999267578125,1518400
2020-02-21,255.89999389648438,265.1000061035156,253.8000030517578,263.0,1587700
2020-02-24,246.2100067138672,247.8699951171875,235.69000244140625,245.38999938964844,1875000
2020-02-25,238.80999755859375,250.4499969482422,237.0500030517578,248.3800048828125,1550900
2020-02-26,238.55999755859375,244.1300048828125,237.0399932861328,239.14999389648438,1219000
2020-02-27,220.6999969482422,232.47999572753906,220.2100067138672,230.44000244140625,2834900
2020-02-28,217.41000366210938,217.6999969482422,208.89999389648438,210.0,3747900
2020-03-02,228.89999389648438,229.2100067138672,216.49000549316406,219.19000244140625,2333900
2020-03-03,227.1300048828125,235.4199981689453,225.9600067138672,228.8699951171875,3570700
2020-03-04,231.6199951171875,232.8800048828125,221.24000549316406,231.50999450683594,1723700
2020-03-05,221.19000244140625,227.3800048828125,216.14999389648438,225.39999389648438,2005000
2020-03-06,218.5500030517578,223.35000610351562,212.24000549316406,213.25999450683594,2494400
2020-03-09,199.77000427246094,208.3300018310547,194.24000549316406,202.0,2292500
2020-03-10,204.1199951171875,206.99000549316406,197.11000061035156,206.3699951171875,2274000
2020-03-11,193.74000549316406,201.49000549316406,191.38999938964844,199.38999938964844,2114700
2020-03-12,169.1300048828125,180.3300018310547,167.3300018310547,179.4499969482422,3906800
2020-03-13,176.75,176.7899932861328,162.32000732421875,175.89999389648438,2933300
2020-03-16,138.97999572753906,155.88999938964844,138.2899932861328,155.49000549316406,4568200
2020-03-17,144.8800048828125,156.8000030517578,136.08999633789062,141.6999969482422,3764700
2020-03-18,140.36000061035156,140.63999938964844,128.85000610351562,135.1199951171875,3809600
2020-03-19,154.86000061035156,162.77999877929688,136.3300018310547,136.3300018310547,2989600
2020-03-20,165.00999450683594,182.52999877929688,162.60000610351562,163.50999450683594,5338000
2020-03-23,172.3000030517578,180.36000061035156,165.0500030517578,165.5500030517578,4267500
2020-03-24,192.74000549316406,194.89999389648438,180.10000610351562,183.25,2912900
2020-03-25,193.6199951171875,202.86000061035156,192.42999267578125,195.5,3336400
2020-03-26,200.8000030517578,202.83999633789062,189.0500030517578,197.0500030517578,4117800
2020-03-27,188.83999633789062,195.5500030517578,184.05999755859375,192.5,3572100
2020-03-30,193.94000244140625,196.9600067138672,183.02999877929688,188.5,2197800
2020-03-31,189.5500030517578,194.1999969482422,188.19000244140625,193.02999877929688,2027200
2020-04-01,183.5,187.27999877929688,181.52999877929688,181.52999877929688,1767800
2020-04-02,185.49000549316406,185.5,177.77000427246094,182.0,2311300
2020-04-03,181.25,184.77000427246094,179.10000610351562,184.7100067138672,2208300
2020-04-06,194.9499969482422,195.6999969482422,185.75,188.22000122070312,2479100
2020-04-07,194.9199981689453,203.44000244140625,194.6999969482422,202.47999572753906,2228500
2020-04-08,196.00999450683594,200.5,194.3300018310547,196.8000030517578,1243300
2020-04-09,203.50999450683594,206.0,198.47999572753906,199.63999938964844,1898300
2020-04-13,199.27000427246094,203.44000244140625,197.66000366210938,202.75999450683594,1008500
2020-04-14,205.17999267578125,206.77000427246094,201.5800018310547,203.72000122070312,1842400
2020-04-15,207.9499969482422,208.5,199.60000610351562,200.1999969482422,1888900
2020-04-16,209.19000244140625,214.42999267578125,207.67999267578125,210.0,2187000
2020-04-17,225.86000061035156,226.4199981689453,213.52000427246094,215.25,3555200
2020-04-20,218.58999633789062,224.50999450683594,216.7899932861328,222.7899932861328,2086100
2020-04-21,206.72000122070312,216.5500030517578,206.5,215.0,2145200
2020-04-22,212.08999633789062,214.22000122070312,210.00999450683594,210.91000366210938,1349800
2020-04-23,211.63999938964844,216.72000122070312,210.4199981689453,212.38999938964844,1102600
2020-04-24,214.5500030517578,216.5,212.10000610351562,213.75999450683594,1520800
2020-04-27,226.88999938964844,227.8699951171875,216.3800048828125,217.60000610351562,2227100
2020-04-28,224.47000122070312,231.9499969482422,224.19000244140625,231.3000030517578,1340000
2020-04-29,232.42999267578125,237.49000549316406,227.50999450683594,229.83999633789062,1393300
2020-04-30,223.47999572753906,231.5500030517578,223.47999572753906,229.72000122070312,1591200
2020-05-01,218.69000244140625,220.4600067138672,216.1999969482422,219.11000061035156,1744600
2020-05-04,218.69000244140625,218.83999633789062,213.97000122070312,215.0800018310547,1059700
2020-05-05,218.2100067138672,222.0,216.17999267578125,221.72000122070312,1298900
2020-05-06,223.17999267578125,225.0,218.97000122070312,218.99000549316406,1229600
2020-05-07,225.99000549316406,228.58999633789062,220.57000732421875,224.52999877929688,1700200
2020-05-08,237.99000549316406,238.32000732421875,228.5,229.0,2036900
2020-05-11,245.6199951171875,246.83999633789062,234.52999877929688,237.57000732421875,1952100
2020-05-12,242.60000610351562,248.75,242.33999633789062,247.07000732421875,1924600
2020-05-13,229.38999938964844,243.10000610351562,225.88999938964844,242.25,2240100
2020-05-14,237.57000732421875,237.74000549316406,225.80999755859375,226.55999755859375,1453700
2020-05-15,247.08999633789062,247.5399932861328,234.00999450683594,234.88999938964844,1750800
2020-05-18,255.64999389648438,259.6099853515625,252.02999877929688,253.72999572753906,2318200
2020-05-19,251.41000366210938,257.3800048828125,251.02999877929688,256.8900146484375,1480500
2020-05-20,258.3800048828125,259.6000061035156,255.17999267578125,256.1000061035156,1095900
2020-05-21,267.5299987792969,268.2699890136719,257.57000732421875,259.3699951171875,1808400
2020-05-22,276.7300109863281,277.0199890136719,267.0199890136719,268.70001220703125,2073900
2020-05-26,281.4100036621094,284.9200134277344,279.30999755859375,282.54998779296875,2118500
2020-05-27,281.5,282.8999938964844,271.6000061035156,281.3800048828125,2158700
2020-05-28,284.4200134277344,291.30999755859375,277.5199890136719,281.4700012207031,2307900
2020-05-29,300.1000061035156,301.489990234375,284.1499938964844,285.9100036621094,4871000
2020-06-01,308.69000244140625,310.2200012207031,297.25,299.7699890136719,2390200
2020-06-02,312.29998779296875,314.8699951171875,302.010009765625,305.510009765625,2872000
2020-06-03,323.739990234375,324.70001220703125,312.5,313.05999755859375,2760300
2020-06-04,317.4200134277344,323.5199890136719,313.5,321.5,2752000
2020-06-05,319.7799987792969,323.79998779296875,317.0,319.1600036621094,2385300
2020-06-08,315.29998779296875,322.6300048828125,312.7300109863281,322.05999755859375,2588500
2020-06-09,316.3999938964844,318.8999938964844,307.79998779296875,313.20001220703125,2375200
2020-06-10,323.25,324.760009765625,316.5400085449219,318.6000061035156,1746800
2020-06-11,308.1199951171875,321.1000061035156,306.6300048828125,314.3699951171875,3659600
2020-06-12,296.3599853515625,308.3800048828125,289.54998779296875,302.8399963378906,7634500
2020-06-15,303.04998779296875,303.25,288.6099853515625,289.1700134277344,2256900
2020-06-16,310.6099853515625,312.79998779296875,303.2699890136719,310.7900085449219,2106000
2020-06-17,303.69000244140625,313.8299865722656,302.57000732421875,313.0,1720300
2020-06-18,302.9800109863281,305.6600036621094,299.0,303.989990234375,1573700
2020-06-19,297.3800048828125,307.010009765625,295.2900085449219,306.9800109863281,2299800
2020-06-22,304.69000244140625,306.57000732421875,293.8500061035156,298.010009765625,1580300
2020-06-23,301.1600036621094,310.2099914550781,300.7300109863281,308.010009765625,1392100
2020-06-24,295.2200012207031,303.1499938964844,290.5199890136719,299.4800109863281,1595000
2020-06-25,295.1300048828125,295.260009765625,288.5,294.29998779296875,1268000
2020-06-26,289.5299987792969,295.1000061035156,288.1099853515625,293.79998779296875,1700800
2020-06-29,294.3500061035156,295.6700134277344,284.2900085449219,290.1099853515625,1860900
2020-06-30,312.010009765625,318.32000732421875,304.20001220703125,305.0,5473600
2020-07-01,308.6199951171875,316.989990234375,306.3599853515625,314.5,1767500
2020-07-02,304.7699890136719,312.5899963378906,302.5,312.1499938964844,1885100
2020-07-06,314.3500061035156,316.1199951171875,308.6000061035156,309.0,2557900
2020-07-07,306.739990234375,313.1300048828125,306.30999755859375,313.1199951171875,1337000
2020-07-08,309.8800048828125,311.25,306.5799865722656,310.8800048828125,1269300
2020-07-09,315.0799865722656,319.1099853515625,303.67999267578125,309.79998779296875,3287300
2020-07-10,314.3900146484375,317.9700012207031,308.1199951171875,316.6400146484375,1755600
2020-07-13,305.1499938964844,321.82000732421875,304.5400085449219,316.75,2212300
2020-07-14,308.32000732421875,309.45001220703125,295.010009765625,303.5299987792969,2051200
2020-07-15,312.510009765625,314.0,304.1400146484375,308.5899963378906,1653600
2020-07-16,313.0799865722656,315.2099914550781,306.7799987792969,308.5,1185300
2020-07-17,316.82000732421875,319.0400085449219,310.8599853515625,315.0199890136719,1674000
2020-07-20,326.8399963378906,329.8500061035156,317.0,319.1400146484375,1996500
2020-07-21,325.3900146484375,330.8999938964844,324.07000732421875,330.3599853515625,1471100
2020-07-22,326.7200012207031,329.4800109863281,322.5299987792969,325.8900146484375,901500
2020-07-23,320.010009765625,337.57000732421875,316.0,327.1600036621094,2592500
2020-07-24,321.5,325.7099914550781,313.6199951171875,316.260009765625,1441900
2020-07-27,331.54998779296875,333.17999267578125,323.0400085449219,324.2799987792969,2029300
2020-07-28,322.6400146484375,333.8800048828125,321.9100036621094,331.2200012207031,1534100
2020-07-29,325.739990234375,329.5,321.5,322.20001220703125,1318800
2020-07-30,323.6600036621094,325.3800048828125,316.989990234375,322.29998779296875,1225400
2020-07-31,325.5899963378906,326.2799987792969,319.6000061035156,326.1700134277344,1282500
2020-08-03,328.5899963378906,331.1700134277344,324.010009765625,327.989990234375,1362500
2020-08-04,328.2099914550781,330.3900146484375,324.32000732421875,327.92999267578125,1046700
2020-08-05,340.4200134277344,343.5899963378906,328.2699890136719,330.94000244140625,2187200
2020-08-06,339.17999267578125,343.0899963378906,334.1199951171875,342.32000732421875,1153200
2020-08-07,342.1199951171875,343.739990234375,336.510009765625,339.0799865722656,1580200
2020-08-10,344.32000732421875,347.3500061035156,337.3900146484375,342.4700012207031,1611900
2020-08-11,335.3699951171875,344.7799987792969,334.8699951171875,344.32000732421875,1518800
2020-08-12,345.3299865722656,346.42999267578125,337.7900085449219,338.0,1294400
2020-08-13,350.2900085449219,354.5899963378906,346.2699890136719,349.989990234375,1439600
2020-08-14,349.1199951171875,351.69000244140625,345.0299987792969,350.1499938964844,877300
2020-08-17,354.8699951171875,355.82000732421875,350.0,350.489990234375,729600
2020-08-18,358.7799987792969,360.7699890136719,352.45001220703125,358.07000732421875,1013000
2020-08-19,360.8399963378906,364.8900146484375,356.1700134277344,360.5799865722656,920600
2020-08-20,366.4200134277344,367.94000244140625,356.29998779296875,358.17999267578125,1078300
2020-08-21,368.75,369.7699890136719,364.54998779296875,367.45001220703125,847400
2020-08-24,376.30999755859375,377.8399963378906,369.3999938964844,372.20001220703125,1565400
2020-08-25,378.5,380.5899963378906,372.2099914550781,376.510009765625,1064100
2020-08-26,381.5,383.20001220703125,376.6700134277344,381.4100036621094,1021800
2020-08-27,374.8399963378906,384.04998779296875,373.8900146484375,384.0,1693900
2020-08-28,377.4800109863281,380.9200134277344,376.1300048828125,377.0,1257100
2020-08-31,375.6700134277344,379.30999755859375,372.5,377.5,1672000
2020-09-01,391.1600036621094,391.3800048828125,373.55999755859375,376.6000061035156,1363100
2020-09-02,398.2900085449219,399.8999938964844,387.0799865722656,398.1099853515625,1631300
2020-09-03,377.8699951171875,396.8299865722656,376.3699951171875,393.3900146484375,2412900
2020-09-04,361.4100036621094,376.3999938964844,345.9700012207031,372.3900146484375,3111700
2020-09-08,349.79998779296875,365.0,348.5,351.010009765625,3512500
2020-09-09,323.92999267578125,334.9200134277344,315.25,334.8299865722656,8543100
2020-09-10,320.0,336.2799987792969,317.6700134277344,326.8999938964844,3416600
2020-09-11,313.3900146484375,323.0,308.6300048828125,323.0,3090400
2020-09-14,313.82000732421875,317.75,311.1300048828125,315.989990234375,1775600
2020-09-15,315.489990234375,319.0,312.67999267578125,318.3299865722656,1836700
2020-09-16,309.989990234375,317.42999267578125,309.5799865722656,316.32000732421875,1689900
2020-09-17,303.1099853515625,308.8399963378906,301.54998779296875,304.1499938964844,2258100
2020-09-18,294.760009765625,304.79998779296875,290.57000732421875,304.7300109863281,3042800
2020-09-21,295.55999755859375,295.67999267578125,287.2099914550781,289.6499938964844,2257300
2020-09-22,313.6000061035156,314.1499938964844,296.7699890136719,297.6199951171875,4030400
2020-09-23,316.7699890136719,331.8500061035156,313.7900085449219,325.3399963378906,4646000
2020-09-24,315.5799865722656,320.9200134277344,303.2099914550781,312.8900146484375,2451300
2020-09-25,315.3500061035156,316.5,308.5899963378906,315.6099853515625,1788000
2020-09-28,318.7300109863281,319.2900085449219,310.6000061035156,317.8800048828125,1448500
2020-09-29,323.6700134277344,325.239990234375,315.9700012207031,318.739990234375,1342200
2020-09-30,329.3699951171875,334.3399963378906,326.80999755859375,328.79998779296875,2001800
2020-10-01,341.04998779296875,343.2699890136719,332.6199951171875,334.010009765625,1715900
2020-10-02,332.6700134277344,339.260009765625,327.7300109863281,333.0,1848400
2020-10-05,337.8699951171875,337.9700012207031,327.0299987792969,334.0,1397600
2020-10-06,329.2900085449219,339.489990234375,327.3900146484375,335.6600036621094,1575500
2020-10-07,338.9100036621094,339.20001220703125,333.1000061035156,333.3800048828125,1225800
2020-10-08,337.94000244140625,343.94000244140625,337.1700134277344,343.8999938964844,1077500
2020-10-09,346.4599914550781,349.3500061035156,338.3999938964844,340.80999755859375,1726000
2020-10-12,348.0,351.54998779296875,342.8299865722656,351.20001220703125,1236500
2020-10-13,356.2900085449219,359.239990234375,348.20001220703125,350.0,1402000
2020-10-14,352.07000732421875,358.8900146484375,346.30999755859375,358.8900146484375,1127800
2020-10-15,353.6099853515625,354.7300109863281,345.0,345.1199951171875,761800
2020-10-16,349.95001220703125,358.57000732421875,348.2900085449219,356.1499938964844,868900
2020-10-19,336.4599914550781,352.30999755859375,336.04998779296875,351.0,1367200
2020-10-20,330.0400085449219,338.6300048828125,329.8800048828125,338.260009765625,1276800
2020-10-21,325.5,336.6600036621094,325.1600036621094,331.1600036621094,1623700
2020-10-22,325.6700134277344,327.3699951171875,316.4800109863281,326.5299987792969,1847000
2020-10-23,333.9200134277344,334.19000244140625,322.82000732421875,327.010009765625,1164100
2020-10-26,331.6000061035156,340.8500061035156,325.6499938964844,336.1000061035156,1416700
2020-10-27,333.80999755859375,337.2900085449219,330.510009765625,332.8800048828125,891700
2020-10-28,329.510009765625,333.0,326.260009765625,330.3900146484375,1088500
2020-10-29,330.1499938964844,335.20001220703125,326.4200134277344,332.9800109863281,803400
2020-10-30,319.2900085449219,328.6700134277344,314.6300048828125,326.69000244140625,1398200
2020-11-02,315.5,324.2300109863281,307.80999755859375,321.0199890136719,1327300
2020-11-03,327.1300048828125,328.8599853515625,312.04998779296875,317.5,1196400
2020-11-04,340.17999267578125,342.25,331.0799865722656,336.75,1381500
2020-11-05,347.17999267578125,348.510009765625,338.25,345.2099914550781,1187500
2020-11-06,343.79998779296875,349.6400146484375,343.0199890136719,348.1499938964844,990000
2020-11-09,326.9599914550781,353.92999267578125,326.6499938964844,351.5,1882500
2020-11-10,322.19000244140625,328.5199890136719,311.0400085449219,326.17999267578125,1520100
2020-11-11,336.67999267578125,337.8599853515625,322.19000244140625,325.6099853515625,984500
2020-11-12,329.9100036621094,338.8999938964844,328.57000732421875,335.0,897000
2020-11-13,325.45001220703125,332.6499938964844,324.5,330.5,792100
2020-11-16,331.7699890136719,333.760009765625,322.1700134277344,324.0199890136719,915800
2020-11-17,338.3999938964844,340.70001220703125,327.2099914550781,331.0,799800
2020-11-18,336.92999267578125,342.5899963378906,333.8500061035156,339.80999755859375,917700
2020-11-19,344.6000061035156,345.3599853515625,332.1600036621094,336.32000732421875,898100
2020-11-20,345.739990234375,349.9800109863281,340.29998779296875,342.70001220703125,843200
2020-11-23,348.5299987792969,351.4100036621094,343.6199951171875,348.45001220703125,805700
2020-11-24,349.54998779296875,352.0,344.4100036621094,350.57000732421875,678100
2020-11-25,357.79998779296875,358.25,348.17999267578125,350.0,1085600
2020-11-27,365.3900146484375,365.7799987792969,358.010009765625,361.6600036621094,847800
2020-11-30,370.2200012207031,371.9800109863281,357.489990234375,367.7799987792969,1632200
2020-12-01,377.5199890136719,379.69000244140625,370.44000244140625,373.2099914550781,1510600
2020-12-02,372.6000061035156,381.3699951171875,371.5799865722656,375.69000244140625,1090200
2020-12-03,375.4200134277344,383.5400085449219,373.3800048828125,374.2099914550781,1524000
2020-12-04,377.05999755859375,380.25,374.3599853515625,378.8699951171875,1267800
2020-12-07,371.4800109863281,376.54998779296875,366.6600036621094,376.29998779296875,2041800
2020-12-08,371.07000732421875,375.6700134277344,367.0,372.0299987792969,1569200
2020-12-09,363.55999755859375,378.5,361.8399963378906,374.510009765625,1722300
2020-12-10,369.07000732421875,370.67999267578125,359.7799987792969,367.0199890136719,2700600
2020-12-11,344.32000732421875,366.57000732421875,343.2799987792969,366.3299865722656,6440600
2020-12-14,352.3699951171875,354.8299865722656,337.07000732421875,344.0,2712300
2020-12-15,356.07000732421875,360.80999755859375,353.6199951171875,355.94000244140625,2078600
2020-12-16,363.1000061035156,363.5,351.57000732421875,357.2099914550781,2086700
2020-12-17,386.07000732421875,387.3699951171875,363.989990234375,367.0,3870300
2020-12-18,378.04998779296875,387.2200012207031,373.17999267578125,387.05999755859375,2698300
2020-12-21,373.3999938964844,377.7699890136719,369.4599914550781,373.3599853515625,1714600
2020-12-22,360.07000732421875,375.0,357.5199890136719,373.75,2334000
2020-12-23,355.1300048828125,363.989990234375,354.9100036621094,363.0,1348800
2020-12-24,351.4200134277344,356.3900146484375,350.45001220703125,355.0,757800
2020-12-28,351.3599853515625,355.19000244140625,345.5,355.19000244140625,1353000
2020-12-29,353.2200012207031,354.2200012207031,343.6700134277344,353.760009765625,1227100
2020-12-30,350.7799987792969,356.0,349.79998779296875,355.0,1197000
2020-12-31,348.0299987792969,351.80999755859375,346.760009765625,349.2799987792969,792000
2021-01-04,356.3999938964844,356.8299865722656,346.4100036621094,351.6700134277344,2015300
2021-01-05,366.5,369.44000244140625,357.3800048828125,357.8900146484375,2122900
2021-01-06,363.25,367.6000061035156,357.4800109863281,362.1099853515625,1170800
2021-01-07,367.2900085449219,374.20001220703125,364.6000061035156,366.8699951171875,1103000
2021-01-08,365.4599914550781,370.5400085449219,362.5899963378906,367.3599853515625,994900
2021-01-11,361.6600036621094,373.0799865722656,352.3399963378906,354.1300048828125,1754000
2021-01-12,356.92999267578125,362.25,351.1400146484375,361.6000061035156,1628000
2021-01-13,352.1400146484375,359.010009765625,350.5,357.75,1108700
2021-01-14,347.7300109863281,357.5899963378906,347.510009765625,352.29998779296875,1047700
2021-01-15,344.5,347.20001220703125,337.42999267578125,347.0,1401200
2021-01-19,342.25,348.54998779296875,340.1499938964844,346.489990234375,1200100
2021-01-20,355.1199951171875,357.1300048828125,343.80999755859375,344.9100036621094,1311000
2021-01-21,349.2200012207031,358.04998779296875,348.79998779296875,356.760009765625,840900
2021-01-22,346.3699951171875,350.1700134277344,344.4200134277344,349.1499938964844,651600
2021-01-25,339.989990234375,350.0,335.0,347.1400146484375,1784500
2021-01-26,330.55999755859375,340.5,328.6499938964844,340.5,1962300
2021-01-27,329.510009765625,331.489990234375,312.8999938964844,325.5,2104000
2021-01-28,330.239990234375,336.5,328.70001220703125,330.79998779296875,1673400
2021-01-29,328.67999267578125,330.80999755859375,322.010009765625,327.8500061035156,1258000
2021-02-01,333.4700012207031,334.2200012207031,324.3999938964844,329.3800048828125,1410700
2021-02-02,343.9200134277344,344.3299865722656,334.6700134277344,335.82000732421875,1154200
2021-02-03,332.3900146484375,345.0,331.5199890136719,344.989990234375,1367900
2021-02-04,338.5899963378906,340.0,334.3500061035156,335.3399963378906,1143200
2021-02-05,334.0799865722656,340.20001220703125,332.9100036621094,340.20001220703125,1226700
2021-02-08,339.7099914550781,342.42999267578125,334.1199951171875,335.95001220703125,1039200
2021-02-09,340.69000244140625,342.3299865722656,334.1499938964844,336.6499938964844,948100
2021-02-10,341.3900146484375,344.9100036621094,338.010009765625,341.20001220703125,919100
2021-02-11,345.8900146484375,347.0,340.8599853515625,344.7200012207031,950400
2021-02-12,342.8599853515625,345.6700134277344,339.25,345.010009765625,829500
2021-02-16,339.8500061035156,345.0,339.2300109863281,344.19000244140625,862000
2021-02-17,337.5199890136719,338.5899963378906,331.19000244140625,338.07000732421875,869100
2021-02-18,336.8299865722656,338.4200134277344,325.75,334.8500061035156,1242800
2021-02-19,332.2300109863281,338.19000244140625,331.1199951171875,337.0,1171800
2021-02-22,321.489990234375,328.80999755859375,319.30999755859375,328.80999755859375,1324400
2021-02-23,322.8500061035156,325.510009765625,304.8699951171875,315.7699890136719,1948100
2021-02-24,317.70001220703125,321.17999267578125,312.510009765625,318.7900085449219,1127900
2021-02-25,310.1199951171875,326.19000244140625,308.5799865722656,316.20001220703125,1278400
2021-02-26,311.67999267578125,316.5799865722656,306.3999938964844,312.3500061035156,1460800
2021-03-01,314.8299865722656,317.3500061035156,312.1099853515625,313.0899963378906,1315000
2021-03-02,317.4700012207031,321.25,312.1000061035156,316.510009765625,1371100
2021-03-03,295.989990234375,315.75,295.67999267578125,313.69000244140625,2479200
2021-03-04,285.1400146484375,299.2799987792969,280.4800109863281,296.4100036621094,3084200
2021-03-05,293.239990234375,293.82000732421875,269.2799987792969,290.45001220703125,2596200
2021-03-08,288.94000244140625,295.8699951171875,288.04998779296875,291.1700134277344,1966500
2021-03-09,298.3500061035156,304.8500061035156,294.7799987792969,296.95001220703125,1585200
2021-03-10,309.0,311.4100036621094,299.19000244140625,302.07000732421875,2368300
2021-03-11,310.3399963378906,315.3399963378906,308.739990234375,313.5299987792969,1804500
2021-03-12,306.0799865722656,307.70001220703125,299.010009765625,304.4599914550781,1260700
2021-03-15,314.32000732421875,314.57000732421875,304.1700134277344,306.7300109863281,875200
2021-03-16,308.75,316.8900146484375,305.70001220703125,315.54998779296875,1145600
2021-03-17,315.2200012207031,316.5899963378906,303.8900146484375,303.8900146484375,1022000
2021-03-18,306.3500061035156,316.20001220703125,305.2799987792969,311.1700134277344,1109900
2021-03-19,308.7099914550781,312.4800109863281,303.510009765625,305.3699951171875,1623600
2021-03-22,313.6000061035156,316.5199890136719,308.760009765625,309.5899963378906,889300
2021-03-23,314.0299987792969,321.29998779296875,312.8999938964844,314.2200012207031,1155200
2021-03-24,307.30999755859375,319.70001220703125,306.67999267578125,316.29998779296875,1039300
2021-03-25,306.2099914550781,307.8500061035156,298.5400085449219,303.55999755859375,1326800
2021-03-26,314.0,314.1499938964844,302.4800109863281,302.6099853515625,1109400
2021-03-29,316.1600036621094,319.79998779296875,310.25,317.4599914550781,1475100
2021-03-30,317.0899963378906,320.5799865722656,311.44000244140625,314.5199890136719,2537100
2021-03-31,306.7099914550781,311.69000244140625,300.04998779296875,307.6499938964844,4932400
2021-04-01,301.07000732421875,308.7900085449219,300.32000732421875,308.2900085449219,2987500
2021-04-05,298.75,302.8599853515625,295.8900146484375,302.8599853515625,2156400
2021-04-06,308.5199890136719,309.3299865722656,298.0199890136719,300.3800048828125,2004800
2021-04-07,306.0400085449219,311.32000732421875,304.75,306.8699951171875,1162200
2021-04-08,312.55999755859375,313.8800048828125,308.1099853515625,309.9700012207031,1550000
2021-04-09,318.1199951171875,319.29998779296875,310.6000061035156,311.45001220703125,1357900
2021-04-12,323.8699951171875,324.260009765625,314.3599853515625,317.7799987792969,1246900
2021-04-13,324.0,324.4200134277344,318.57000732421875,322.6700134277344,1077400
2021-04-14,323.0,325.0,321.2200012207031,323.8599853515625,1060500
2021-04-15,325.8299865722656,328.3999938964844,323.3999938964844,324.5400085449219,1058100
2021-04-16,324.1000061035156,325.7300109863281,321.510009765625,325.510009765625,923200
2021-04-19,322.2699890136719,324.9700012207031,321.4800109863281,321.4800109863281,1062600
2021-04-20,316.2900085449219,323.6499938964844,314.8299865722656,322.79998779296875,868200
2021-04-21,326.67999267578125,326.67999267578125,316.70001220703125,316.8999938964844,1243800
2021-04-22,338.75,338.8800048828125,326.17999267578125,326.17999267578125,2146700
2021-04-23,340.9800109863281,342.4599914550781,336.7099914550781,338.6099853515625,1641400
2021-04-26,337.79998779296875,341.1199951171875,334.8399963378906,340.6099853515625,787300
2021-04-27,339.2799987792969,341.4800109863281,336.20001220703125,338.0,617600
2021-04-28,338.05999755859375,342.0,335.5899963378906,339.2699890136719,626000
2021-04-29,342.8999938964844,347.0,339.1700134277344,340.8399963378906,1067300
2021-04-30,335.2699890136719,344.45001220703125,334.989990234375,342.8599853515625,1091600
2021-05-03,335.3800048828125,337.0199890136719,332.760009765625,336.4700012207031,757000
2021-05-04,324.8999938964844,331.989990234375,321.8800048828125,330.0,1025400
2021-05-05,322.0899963378906,330.739990234375,321.0199890136719,326.8599853515625,823800
2021-05-06,321.2799987792969,323.7699890136719,317.2900085449219,320.5,742000
2021-05-07,330.239990234375,331.54998779296875,322.0299987792969,322.0299987792969,859900
2021-05-10,324.260009765625,331.6499938964844,324.1499938964844,330.0,856900
2021-05-11,322.0400085449219,323.7699890136719,316.3999938964844,318.69000244140625,1200000
2021-05-12,305.2099914550781,321.70001220703125,304.29998779296875,317.0199890136719,1312800
2021-05-13,307.92999267578125,311.0400085449219,304.0,307.7799987792969,854300
2021-05-14,314.6499938964844,316.7699890136719,309.0,309.4200134277344,606400
2021-05-17,314.5400085449219,314.6499938964844,309.1199951171875,311.5,631800
2021-05-18,312.0299987792969,316.5799865722656,310.7900085449219,314.29998779296875,653600
2021-05-19,310.30999755859375,310.9200134277344,304.3800048828125,307.4599914550781,737700
2021-05-20,319.1700134277344,320.0400085449219,310.7200012207031,310.9100036621094,846200
2021-05-21,313.20001220703125,322.8699951171875,310.4100036621094,322.8699951171875,1186900
2021-05-24,318.19000244140625,320.3999938964844,313.5,315.239990234375,735700
2021-05-25,324.1099853515625,324.54998779296875,318.82000732421875,320.8399963378906,967700
2021-05-26,329.760009765625,330.0299987792969,324.3699951171875,325.9100036621094,1049600
2021-05-27,328.1099853515625,331.3999938964844,323.7200012207031,327.5199890136719,1744100
2021-05-28,323.1300048828125,330.5199890136719,323.0,330.5199890136719,909400
2021-06-01,318.6199951171875,323.3900146484375,315.8999938964844,322.44000244140625,1318200
2021-06-02,320.7799987792969,321.7099914550781,315.7900085449219,319.9100036621094,1124900
2021-06-03,317.3599853515625,320.9200134277344,313.05999755859375,318.6300048828125,1954900
2021-06-04,329.5199890136719,331.0299987792969,318.5,321.8599853515625,2591100
2021-06-07,331.6099853515625,338.20001220703125,330.1099853515625,330.5299987792969,1444400
2021-06-08,331.0,335.489990234375,328.3299865722656,334.8699951171875,1134100
2021-06-09,327.2200012207031,331.7699890136719,325.6000061035156,331.0899963378906,861400
2021-06-10,329.79998779296875,332.760009765625,327.510009765625,329.0199890136719,671500
2021-06-11,338.29998779296875,338.69000244140625,329.5400085449219,331.1000061035156,957700
2021-06-14,337.6199951171875,347.239990234375,335.20001220703125,340.7699890136719,895800
2021-06-15,335.19000244140625,336.57000732421875,333.4200134277344,336.3900146484375,644600
2021-06-16,337.260009765625,339.1400146484375,333.4700012207031,337.5199890136719,841200
2021-06-17,349.3999938964844,351.1000061035156,334.5,335.1499938964844,2003600
2021-06-18,347.57000732421875,351.260009765625,343.489990234375,346.2099914550781,1509700
2021-06-21,352.2900085449219,354.489990234375,345.7200012207031,348.1700134277344,829000
2021-06-22,359.1099853515625,360.25,352.04998779296875,352.2799987792969,921600
2021-06-23,359.3999938964844,362.1700134277344,357.0199890136719,358.260009765625,684500
2021-06-24,361.9100036621094,364.9599914550781,361.1700134277344,362.8399963378906,768200
2021-06-25,363.69000244140625,371.0,361.0,365.0,1707700
2021-06-28,363.7900085449219,367.7900085449219,363.5199890136719,365.05999755859375,1222100
2021-06-29,366.6600036621094,368.32000732421875,363.1499938964844,363.7900085449219,648800
2021-06-30,364.9700012207031,367.25,364.489990234375,366.3399963378906,663900
2021-07-01,364.2300109863281,366.510009765625,361.510009765625,363.7900085449219,880800
2021-07-02,368.4700012207031,369.54998779296875,365.510009765625,365.8699951171875,697300
2021-07-06,371.3699951171875,372.4100036621094,364.739990234375,369.95001220703125,948000
2021-07-07,377.82000732421875,378.0,371.260009765625,374.0,836800
2021-07-08,373.5299987792969,375.1499938964844,368.67999267578125,370.67999267578125,795500
2021-07-09,377.4200134277344,378.42999267578125,372.7699890136719,373.9100036621094,671400
2021-07-12,368.9100036621094,378.0,366.5799865722656,375.92999267578125,806000
2021-07-13,370.7699890136719,372.6199951171875,365.8800048828125,367.0400085449219,647000
2021-07-14,376.989990234375,385.8999938964844,375.8299865722656,377.3399963378906,2119400
2021-07-15,376.1700134277344,380.82000732421875,370.3800048828125,379.6099853515625,1186200
2021-07-16,371.69000244140625,378.5,370.9800109863281,376.4100036621094,623700
2021-07-19,373.0400085449219,373.7200012207031,364.510009765625,367.7799987792969,903900
2021-07-20,383.29998779296875,387.9200134277344,373.55999755859375,375.2699890136719,1637800
2021-07-21,383.6199951171875,386.3699951171875,380.5,383.20001220703125,682400
2021-07-22,395.8500061035156,397.5,383.75,383.75,1196500
2021-07-23,402.7900085449219,405.95001220703125,394.1300048828125,394.989990234375,1214700
2021-07-26,395.44000244140625,405.94000244140625,392.5400085449219,402.57000732421875,799200
2021-07-27,391.42999267578125,394.2699890136719,385.739990234375,394.2699890136719,652300
2021-07-28,393.0899963378906,394.7699890136719,389.1300048828125,392.3500061035156,511500
2021-07-29,402.8699951171875,406.239990234375,394.32000732421875,394.5400085449219,1052000
2021-07-30,400.1700134277344,403.2099914550781,397.8299865722656,399.1400146484375,563800
2021-08-02,402.6499938964844,406.2099914550781,399.5799865722656,402.7699890136719,511900
2021-08-03,407.510009765625,409.25,402.760009765625,402.760009765625,575000
2021-08-04,410.4700012207031,413.489990234375,408.1199951171875,409.0,593200
2021-08-05,414.3900146484375,415.3399963378906,410.6300048828125,411.0,553700
2021-08-06,408.5199890136719,413.0,406.5299987792969,412.44000244140625,609100
2021-08-09,407.6400146484375,410.6499938964844,406.760009765625,409.0899963378906,546300
2021-08-10,405.8699951171875,411.5400085449219,404.5799865722656,407.3299865722656,602100
2021-08-11,408.82000732421875,413.489990234375,405.8699951171875,406.260009765625,567500
2021-08-12,408.9100036621094,410.0400085449219,406.3900146484375,407.5199890136719,397400
2021-08-13,408.7200012207031,409.1400146484375,403.1700134277344,409.0,429300
2021-08-16,407.4200134277344,407.57000732421875,400.3699951171875,406.25,572900
2021-08-17,392.4800109863281,403.25,388.20001220703125,403.1199951171875,1099100
2021-08-18,391.3800048828125,397.3500061035156,390.989990234375,392.6000061035156,512600
2021-08-19,396.489990234375,399.0,384.3599853515625,385.5,840900
2021-08-20,397.8299865722656,398.20001220703125,391.5799865722656,395.9200134277344,635300
2021-08-23,404.3599853515625,406.32000732421875,396.55999755859375,398.57000732421875,546300
2021-08-24,405.79998779296875,406.8299865722656,402.0,403.5,491000
2021-08-25,408.32000732421875,409.0400085449219,402.6499938964844,404.8500061035156,506100
2021-08-26,404.44000244140625,408.5400085449219,402.0,408.5400085449219,469000
2021-08-27,405.9700012207031,409.3399963378906,402.8299865722656,403.760009765625,465800
2021-08-30,414.5199890136719,417.8500061035156,406.4100036621094,406.44000244140625,857700
2021-08-31,400.1700134277344,413.9700012207031,397.3599853515625,413.9700012207031,1275500
2021-09-01,395.5299987792969,401.95001220703125,393.67999267578125,400.7099914550781,966300
2021-09-02,388.3699951171875,398.8500061035156,386.510009765625,398.239990234375,884200
2021-09-03,388.3299865722656,390.7699890136719,385.1199951171875,388.2699890136719,712300
2021-09-07,386.4599914550781,394.95001220703125,383.010009765625,394.8800048828125,1080300
2021-09-08,380.8500061035156,386.2799987792969,376.3699951171875,384.95001220703125,2878300
2021-09-09,420.7099914550781,434.2200012207031,420.2699890136719,433.7300109863281,7789600
2021-09-10,425.5799865722656,430.04998779296875,417.0899963378906,424.0,2150600
2021-09-13,425.1199951171875,428.30999755859375,418.989990234375,428.30999755859375,1244600
2021-09-14,420.5,427.69000244140625,419.3900146484375,426.739990234375,853700
2021-09-15,418.95001220703125,421.0199890136719,414.0899963378906,420.94000244140625,818700
2021-09-16,426.44000244140625,429.79998779296875,417.2099914550781,417.2099914550781,978600
2021-09-17,426.54998779296875,432.739990234375,424.29998779296875,428.3999938964844,1546500
2021-09-20,419.5299987792969,425.29998779296875,412.489990234375,418.1000061035156,971500
2021-09-21,424.19000244140625,426.70001220703125,419.54998779296875,422.3900146484375,610900
2021-09-22,431.17999267578125,431.2799987792969,422.010009765625,425.1199951171875,948500
2021-09-23,431.9100036621094,437.32000732421875,430.0,433.0,1490100
2021-09-24,432.6099853515625,433.6099853515625,424.07000732421875,427.44000244140625,873300
2021-09-27,430.7200012207031,434.92999267578125,427.80999755859375,430.4800109863281,698100
2021-09-28,414.5400085449219,429.45001220703125,413.70001220703125,427.8900146484375,1149400
2021-09-29,410.2200012207031,419.0,408.5,418.07000732421875,898900
2021-09-30,404.70001220703125,411.29998779296875,403.32000732421875,410.2799987792969,798400
2021-10-01,401.3699951171875,408.19000244140625,399.3800048828125,407.5199890136719,787700
2021-10-04,392.57000732421875,401.4599914550781,390.4200134277344,401.30999755859375,956600
2021-10-05,397.1199951171875,404.80999755859375,396.67999267578125,399.07000732421875,818300
2021-10-06,398.1300048828125,400.67999267578125,392.5199890136719,392.6600036621094,810700
2021-10-07,399.7200012207031,408.6099853515625,398.3999938964844,401.010009765625,708700
2021-10-08,397.2200012207031,401.760009765625,393.7200012207031,401.4100036621094,560500
2021-10-11,386.0400085449219,399.3999938964844,385.6099853515625,399.3999938964844,790400
2021-10-12,384.57000732421875,389.739990234375,383.239990234375,388.44000244140625,828100
2021-10-13,400.7099914550781,402.07000732421875,388.3299865722656,390.3699951171875,1450500
2021-10-14,406.989990234375,410.67999267578125,402.0799865722656,404.4800109863281,708700
2021-10-15,403.510009765625,409.4100036621094,403.0,408.0899963378906,815500
2021-10-18,417.3800048828125,417.6199951171875,400.29998779296875,401.25,647700
2021-10-19,416.6400146484375,420.5799865722656,414.32000732421875,417.6400146484375,493600
2021-10-20,414.3999938964844,423.8999938964844,413.6600036621094,419.6600036621094,524600
2021-10-21,424.0400085449219,424.8500061035156,416.1400146484375,416.2699890136719,566800
2021-10-22,421.7300109863281,424.57000732421875,418.8999938964844,422.489990234375,444600
2021-10-25,427.94000244140625,430.0,423.0299987792969,423.739990234375,636700
2021-10-26,432.7300109863281,435.0,427.1099853515625,431.0,629900
2021-10-27,433.70001220703125,438.3599853515625,428.0,432.95001220703125,533700
2021-10-28,443.4599914550781,443.6000061035156,435.30999755859375,435.30999755859375,687400
2021-10-29,466.010009765625,467.0400085449219,446.0799865722656,446.6199951171875,1346200
2021-11-01,458.8800048828125,469.44000244140625,456.1000061035156,468.0,788700
2021-11-02,464.6400146484375,470.1099853515625,460.7699890136719,461.5,676700
2021-11-03,467.4800109863281,469.1000061035156,462.1600036621094,466.1300048828125,561800
2021-11-04,473.94000244140625,478.6600036621094,469.0199890136719,469.92999267578125,676700
2021-11-05,467.9100036621094,477.3800048828125,465.7799987792969,474.2799987792969,817600
2021-11-08,466.1400146484375,471.82000732421875,456.760009765625,471.82000732421875,736300
2021-11-09,470.239990234375,471.8399963378906,465.29998779296875,466.8399963378906,613600
2021-11-10,457.3599853515625,467.55999755859375,453.8500061035156,464.54998779296875,647500
2021-11-11,453.0,462.9100036621094,452.510009765625,461.5,507000
2021-11-12,452.5899963378906,457.44000244140625,450.6099853515625,457.44000244140625,721600
2021-11-15,461.9599914550781,464.6700134277344,454.6600036621094,455.75,737600
2021-11-16,477.9100036621094,485.8299865722656,463.7300109863281,464.510009765625,1390100
2021-11-17,465.8399963378906,477.79998779296875,465.3399963378906,476.7799987792969,866700
2021-11-18,473.239990234375,474.05999755859375,462.04998779296875,469.0,750300
2021-11-19,473.0,478.2799987792969,469.0899963378906,474.3500061035156,872300
2021-11-22,460.92999267578125,473.42999267578125,458.2699890136719,473.42999267578125,795800
2021-11-23,458.760009765625,465.3900146484375,454.7799987792969,460.7099914550781,600200
2021-11-24,457.8599853515625,458.3900146484375,446.5799865722656,452.510009765625,633500
2021-11-26,456.5799865722656,462.1099853515625,453.6400146484375,460.17999267578125,418700
2021-11-29,463.260009765625,466.7200012207031,455.5,458.5,758900
2021-11-30,454.4100036621094,468.7699890136719,452.20001220703125,463.19000244140625,1266300
2021-12-01,448.42999267578125,467.9800109863281,447.9599914550781,459.54998779296875,892200
2021-12-02,450.67999267578125,454.0,441.3999938964844,447.5,833000
2021-12-03,435.7200012207031,454.94000244140625,430.6700134277344,453.42999267578125,1279200
2021-12-06,423.5400085449219,436.5400085449219,413.05999755859375,435.7200012207031,1479900
2021-12-07,434.95001220703125,442.5,431.6600036621094,434.9700012207031,1223400
2021-12-08,426.0,436.3800048828125,421.4700012207031,434.95001220703125,1858600
2021-12-09,416.9200134277344,427.4700012207031,415.8399963378906,426.80999755859375,3002100
2021-12-10,409.5799865722656,421.3900146484375,402.32000732421875,410.0,2641100
2021-12-13,403.75,414.8800048828125,401.4800109863281,412.6700134277344,1142000
2021-12-14,395.0899963378906,399.82000732421875,391.0,398.2799987792969,1431900
2021-12-15,402.4800109863281,405.0,385.1499938964844,394.0799865722656,1901300
2021-12-16,390.6199951171875,404.42999267578125,386.45001220703125,402.4800109863281,1718400
2021-12-17,384.6600036621094,388.510009765625,378.5,384.1499938964844,2066000
2021-12-20,370.57000732421875,382.95001220703125,366.45001220703125,382.6199951171875,2210800
2021-12-21,383.30999755859375,385.2200012207031,375.07000732421875,376.07000732421875,1664500
2021-12-22,388.7900085449219,390.9100036621094,383.5199890136719,385.2699890136719,1104900
2021-12-23,391.55999755859375,392.5299987792969,383.4700012207031,389.010009765625,906600
2021-12-27,400.75,401.9200134277344,392.9800109863281,392.9800109863281,926700
2021-12-28,400.07000732421875,406.0,400.0,405.9599914550781,953600
2021-12-29,401.0,403.0,400.0,400.29998779296875,742600
2021-12-30,398.69000244140625,405.3999938964844,398.5,401.5199890136719,936500
2021-12-31,391.45001220703125,401.9700012207031,391.2699890136719,400.0,1066000
2022-01-03,387.55999755859375,394.489990234375,380.6099853515625,392.20001220703125,1321900
2022-01-04,380.82000732421875,389.7099914550781,376.010009765625,387.239990234375,1199600
2022-01-05,362.4800109863281,381.1600036621094,362.2099914550781,381.1600036621094,1543600
2022-01-06,368.7699890136719,371.4200134277344,355.67999267578125,358.92999267578125,1660200
2022-01-07,355.2099914550781,366.989990234375,354.32000732421875,366.0400085449219,2212200
2022-01-10,348.42999267578125,349.5799865722656,323.5,329.95001220703125,4235900
2022-01-11,346.75,347.489990234375,337.04998779296875,345.80999755859375,1703100
2022-01-12,352.7200012207031,354.44000244140625,345.4800109863281,348.8599853515625,1461600
2022-01-13,336.2699890136719,354.8500061035156,335.7300109863281,353.8999938964844,1479400
2022-01-14,328.9800109863281,335.4800109863281,325.7300109863281,333.5,1850400
2022-01-18,332.5299987792969,336.3299865722656,324.0,325.07000732421875,1376300
2022-01-19,330.95001220703125,338.1000061035156,329.0199890136719,334.3800048828125,997000
2022-01-20,322.5299987792969,340.2900085449219,321.6499938964844,334.5,1362500
2022-01-21,313.0199890136719,324.0,312.6600036621094,321.5,1731600
2022-01-24,321.6199951171875,322.3900146484375,296.19000244140625,308.19000244140625,2444700
2022-01-25,308.8299865722656,315.79998779296875,305.1199951171875,313.010009765625,1347900
2022-01-26,302.760009765625,319.760009765625,299.1700134277344,313.5,1457500
2022-01-27,306.5199890136719,312.42999267578125,304.45001220703125,307.8399963378906,1421800
2022-01-28,315.9100036621094,316.3299865722656,301.6000061035156,303.260009765625,1348400
2022-01-31,333.760009765625,334.0799865722656,316.4100036621094,317.3399963378906,1903700
2022-02-01,344.9100036621094,346.1300048828125,333.3900146484375,335.4800109863281,1818600
2022-02-02,349.19000244140625,353.6199951171875,344.3999938964844,348.8599853515625,2267600
2022-02-03,330.3500061035156,345.4800109863281,329.25,338.0,1664300
2022-02-04,336.3699951171875,339.5199890136719,329.75,329.75,949900
2022-02-07,332.20001220703125,338.80999755859375,327.80999755859375,336.3699951171875,840300
2022-02-08,334.3999938964844,336.1400146484375,327.6499938964844,331.69000244140625,665500
2022-02-09,339.6400146484375,343.57000732421875,335.0,339.2099914550781,703200
2022-02-10,334.3500061035156,343.9200134277344,331.17999267578125,332.04998779296875,1186400
2022-02-11,316.7200012207031,336.1000061035156,315.6300048828125,333.2099914550781,1244200
2022-02-14,313.6400146484375,320.260009765625,309.9700012207031,316.1400146484375,1121900
2022-02-15,318.1499938964844,322.7099914550781,315.1099853515625,320.9100036621094,825500
2022-02-16,320.0400085449219,321.239990234375,312.0199890136719,316.4599914550781,783800
2022-02-17,310.0299987792969,321.1499938964844,309.5899963378906,317.4599914550781,710300
2022-02-18,308.6600036621094,315.4200134277344,307.010009765625,313.239990234375,822300
2022-02-22,304.5799865722656,311.5899963378906,300.92999267578125,306.57000732421875,1291700
2022-02-23,295.239990234375,309.5199890136719,295.1700134277344,309.20001220703125,997400
2022-02-24,310.3599853515625,311.1400146484375,283.2099914550781,285.7799987792969,1507200
2022-02-25,317.5799865722656,318.4200134277344,305.2900085449219,310.0,937000
2022-02-28,319.94000244140625,320.42999267578125,311.3299865722656,312.4200134277344,1284700
2022-03-01,315.17999267578125,326.0199890136719,313.29998779296875,321.1099853515625,1236600
2022-03-02,330.07000732421875,330.7799987792969,316.760009765625,317.3900146484375,1360900
2022-03-03,322.8399963378906,331.5,320.5,330.6600036621094,1094100
2022-03-04,320.5799865722656,323.989990234375,314.5400085449219,321.260009765625,1131000
2022-03-07,302.3800048828125,324.4700012207031,301.8699951171875,322.6300048828125,1452500
2022-03-08,296.5199890136719,306.010009765625,292.19000244140625,301.8599853515625,1637300
2022-03-09,305.82000732421875,306.7900085449219,301.2200012207031,305.9200134277344,1574300
2022-03-10,301.739990234375,303.9800109863281,297.5199890136719,300.0,934700
2022-03-11,291.54998779296875,306.1300048828125,291.3800048828125,306.1300048828125,978400
2022-03-14,289.239990234375,293.760009765625,283.0,290.6700134277344,1459100
2022-03-15,289.9200134277344,293.010009765625,278.0,284.1300048828125,1734300
2022-03-16,305.1000061035156,306.3900146484375,292.25,297.1199951171875,1252200
2022-03-17,307.6000061035156,309.7699890136719,300.2200012207031,304.0299987792969,858800
2022-03-18,316.92999267578125,317.5299987792969,304.75,304.9100036621094,1272400
2022-03-21,308.2200012207031,317.0299987792969,303.5,316.0799865722656,1043000
2022-03-22,315.0299987792969,318.5,311.7099914550781,313.2900085449219,1181000
2022-03-23,310.4200134277344,315.7699890136719,308.17999267578125,313.3800048828125,975100
2022-03-24,317.739990234375,317.8299865722656,306.04998779296875,310.5400085449219,1066500
2022-03-25,321.1400146484375,321.8399963378906,316.010009765625,319.0,1321400
2022-03-28,331.7799987792969,334.0,319.8599853515625,320.2200012207031,2255500
2022-03-29,343.9700012207031,353.3900146484375,336.07000732421875,337.0,3157000
2022-03-30,376.9200134277344,389.1499938964844,358.57000732421875,370.0,8082000
2022-03-31,365.2300109863281,377.0,364.9100036621094,374.95001220703125,2232700
2022-04-01,367.44000244140625,369.2300109863281,362.70001220703125,364.8999938964844,1360300
2022-04-04,384.17999267578125,384.3999938964844,368.25,368.3599853515625,1812700
2022-04-05,378.989990234375,383.7699890136719,372.2799987792969,382.67999267578125,1497900
2022-04-06,371.8299865722656,374.7200012207031,365.0,372.0,1472100
2022-04-07,379.2300109863281,380.3999938964844,368.760009765625,369.7799987792969,1265400
2022-04-08,369.4599914550781,378.2200012207031,369.0799865722656,376.5400085449219,1268100
2022-04-11,368.739990234375,372.4100036621094,361.1099853515625,365.55999755859375,1269000
2022-04-12,376.1600036621094,390.760009765625,372.4599914550781,373.260009765625,1787300
2022-04-13,395.0299987792969,398.5400085449219,375.7900085449219,376.1099853515625,2184900
2022-04-14,390.7799987792969,398.0,390.1700134277344,394.8599853515625,1505200
2022-04-18,387.55999755859375,393.6400146484375,382.4200134277344,389.3500061035156,847100
2022-04-19,404.6600036621094,408.489990234375,394.4700012207031,395.8800048828125,1951400
2022-04-20,385.3999938964844,410.70001220703125,384.8699951171875,410.32000732421875,2287300
2022-04-21,377.25,392.0,375.010009765625,388.489990234375,1747700
2022-04-22,363.6600036621094,376.510009765625,362.6600036621094,373.7300109863281,1640000
2022-04-25,368.0899963378906,368.4700012207031,356.510009765625,361.6000061035156,1350800
2022-04-26,352.5299987792969,366.7900085449219,352.44000244140625,364.239990234375,1336600
2022-04-27,354.0199890136719,361.9800109863281,350.04998779296875,352.5400085449219,1124300
2022-04-28,362.42999267578125,367.32000732421875,352.0899963378906,359.3500061035156,1004900
2022-04-29,354.6300048828125,371.3599853515625,353.92999267578125,364.0199890136719,996900
2022-05-02,360.8399963378906,361.44000244140625,349.6300048828125,354.0,794100
2022-05-03,355.70001220703125,361.45001220703125,353.1199951171875,360.0199890136719,738800
2022-05-04,364.6700134277344,365.32000732421875,345.1700134277344,352.7799987792969,962000
2022-05-05,343.6000061035156,360.94000244140625,338.3299865722656,359.9700012207031,1181000
2022-05-06,317.04998779296875,336.75,309.5299987792969,336.260009765625,2650800
2022-05-09,292.67999267578125,313.0,291.0,308.7900085449219,2201300
2022-05-10,302.1099853515625,307.8399963378906,288.7200012207031,301.4200134277344,1402100
2022-05-11,291.29998779296875,306.5400085449219,290.7799987792969,302.1099853515625,1456500
2022-05-12,294.0,302.7900085449219,281.54998779296875,285.0,1480300
2022-05-13,309.2900085449219,312.5799865722656,301.3599853515625,303.1300048828125,1076700
2022-05-16,304.1499938964844,308.6600036621094,300.5299987792969,302.1099853515625,758600
2022-05-17,305.4800109863281,316.489990234375,300.7699890136719,314.8800048828125,1223600
2022-05-18,272.5199890136719,296.010009765625,268.3599853515625,296.0,2832100
2022-05-19,271.2200012207031,278.7099914550781,264.239990234375,267.70001220703125,1971100
2022-05-20,274.0400085449219,280.8599853515625,263.20001220703125,279.8900146484375,1846700
2022-05-23,272.8399963378906,273.3599853515625,265.5299987792969,269.9200134277344,1312100
2022-05-24,257.510009765625,267.1700134277344,253.07000732421875,266.3999938964844,1861500
2022-05-25,260.6600036621094,264.6000061035156,251.50999450683594,254.8800048828125,2576400
2022-05-26,287.4800109863281,289.4700012207031,275.489990234375,276.42999267578125,2340000
2022-05-27,293.6499938964844,297.55999755859375,288.82000732421875,288.82000732421875,1852600
2022-05-31,292.69000244140625,298.19000244140625,289.0299987792969,296.3599853515625,2958000
2022-06-01,289.9599914550781,299.70001220703125,286.8699951171875,297.8500061035156,2197000
2022-06-02,302.5799865722656,303.239990234375,286.70001220703125,290.54998779296875,4300700
2022-06-03,300.79998779296875,305.80999755859375,293.57000732421875,303.45001220703125,3997300
2022-06-06,301.6199951171875,308.4200134277344,296.6000061035156,305.0,1850900
2022-06-07,306.19000244140625,307.8599853515625,294.67999267578125,295.0,1285500
2022-06-08,307.7699890136719,312.8999938964844,304.32000732421875,306.54998779296875,954200
2022-06-09,302.29998779296875,309.44000244140625,302.1300048828125,303.80999755859375,867000
2022-06-10,291.6000061035156,297.5,290.07000732421875,294.5799865722656,1184500
2022-06-13,278.5799865722656,282.3699951171875,273.3399963378906,280.4200134277344,1750200
2022-06-14,280.5,284.6199951171875,276.5799865722656,280.44000244140625,931000
2022-06-15,285.7200012207031,290.1199951171875,279.75,283.2099914550781,955300
2022-06-16,271.3399963378906,278.3699951171875,267.7799987792969,278.3699951171875,1269900
2022-06-17,278.1300048828125,281.2300109863281,271.1499938964844,271.2699890136719,1383900
2022-06-21,276.45001220703125,284.5,275.8900146484375,282.8900146484375,1128700
2022-06-22,277.8800048828125,280.5899963378906,271.3500061035156,274.1199951171875,979300
2022-06-23,286.3299865722656,288.4100036621094,278.0,282.1400146484375,972000
2022-06-24,293.3599853515625,295.7099914550781,288.4700012207031,289.9200134277344,1443300
2022-06-27,287.4800109863281,297.05999755859375,284.2300109863281,295.1199951171875,1010600
2022-06-28,278.55999755859375,294.05999755859375,278.1600036621094,288.3699951171875,939700
2022-06-29,282.9800109863281,286.4599914550781,276.5299987792969,280.4599914550781,819600
2022-06-30,272.6099853515625,279.8299865722656,271.0,277.489990234375,1248200
2022-07-01,263.3800048828125,271.0799865722656,261.0299987792969,269.1400146484375,1867900
2022-07-05,283.6199951171875,283.8399963378906,258.7900085449219,263.1700134277344,2415000
2022-07-06,280.3800048828125,288.8999938964844,275.760009765625,284.32000732421875,956600
2022-07-07,290.7200012207031,291.8699951171875,278.2300109863281,280.3299865722656,931500
2022-07-08,293.3900146484375,295.489990234375,285.1499938964844,288.9100036621094,892500
2022-07-11,281.760009765625,287.20001220703125,277.1000061035156,281.0,1230100
2022-07-12,279.3900146484375,289.0,277.04998779296875,282.80999755859375,776800
2022-07-13,280.9700012207031,283.0,271.04998779296875,272.8900146484375,797300
2022-07-14,278.989990234375,280.70001220703125,272.260009765625,277.3500061035156,797600
2022-07-15,286.4100036621094,287.6300048828125,280.6000061035156,280.8900146484375,946000
2022-07-18,284.6400146484375,293.5400085449219,283.0400085449219,291.6000061035156,700700
2022-07-19,296.3399963378906,296.6300048828125,286.8399963378906,290.30999755859375,864100
2022-07-20,302.7900085449219,303.7699890136719,294.3399963378906,295.489990234375,1001700
2022-07-21,307.3599853515625,308.25,300.1600036621094,305.29998779296875,909100
2022-07-22,304.5,312.25,301.95001220703125,307.5,808700
2022-07-25,301.32000732421875,306.0,298.82000732421875,306.0,512800
2022-07-26,283.4100036621094,294.5299987792969,281.57000732421875,293.75,1618400
2022-07-27,295.57000732421875,296.3500061035156,283.94000244140625,285.54998779296875,1302700
2022-07-28,303.8500061035156,305.1600036621094,293.3599853515625,295.57000732421875,807200
2022-07-29,310.510009765625,310.8599853515625,299.5,304.3800048828125,1384200
2022-08-01,310.010009765625,314.1499938964844,305.67999267578125,308.0899963378906,743600
2022-08-02,305.70001220703125,310.4200134277344,303.5799865722656,307.4200134277344,803500
2022-08-03,315.3800048828125,316.9700012207031,308.44000244140625,311.0,849600
2022-08-04,316.3999938964844,317.57000732421875,313.6700134277344,316.3500061035156,882200
2022-08-05,317.79998779296875,321.4200134277344,308.7699890136719,309.29998779296875,1012700
2022-08-08,316.239990234375,326.5,315.1300048828125,317.0400085449219,844500
2022-08-09,306.54998779296875,314.5,303.1600036621094,314.0199890136719,669800
2022-08-10,319.260009765625,322.0,313.45001220703125,314.0,1145800
2022-08-11,316.9800109863281,328.94000244140625,314.55999755859375,325.8399963378906,915900
2022-08-12,321.69000244140625,322.8999938964844,317.1400146484375,320.70001220703125,755000
2022-08-15,330.3399963378906,330.4700012207031,320.1400146484375,320.17999267578125,953900
2022-08-16,331.70001220703125,335.7099914550781,326.260009765625,331.0,1078000
2022-08-17,329.79998779296875,332.5,324.510009765625,327.5299987792969,772600
2022-08-18,333.4200134277344,334.9599914550781,328.510009765625,330.57000732421875,834100
2022-08-19,322.4700012207031,329.0199890136719,321.32000732421875,328.4800109863281,935200
2022-08-22,315.2200012207031,321.489990234375,313.5199890136719,317.1199951171875,892200
2022-08-23,315.92999267578125,322.54998779296875,314.69000244140625,315.3500061035156,689300
2022-08-24,317.8399963378906,321.0199890136719,313.260009765625,315.1000061035156,551800
2022-08-25,323.3599853515625,323.5899963378906,317.0400085449219,319.2200012207031,603200
2022-08-26,311.30999755859375,324.8999938964844,310.1400146484375,323.20001220703125,1111600
2022-08-29,307.5,311.9700012207031,303.6600036621094,304.9800109863281,1165100
2022-08-30,307.07000732421875,312.0,302.5,311.3599853515625,1179200
2022-08-31,299.9599914550781,310.489990234375,295.5400085449219,307.9599914550781,1915300
2022-09-01,294.45001220703125,294.8800048828125,283.30999755859375,293.9700012207031,3495300
2022-09-02,314.1700134277344,329.6400146484375,311.1199951171875,326.3999938964844,8780300
2022-09-06,327.80999755859375,328.5799865722656,312.3900146484375,313.8999938964844,3921500
2022-09-07,336.8699951171875,339.75,324.4599914550781,329.20001220703125,2616300
2022-09-08,345.7900085449219,346.0199890136719,332.9100036621094,334.6400146484375,2206700
2022-09-09,348.6499938964844,355.5899963378906,347.5,348.45001220703125,2188100
2022-09-12,352.739990234375,353.260009765625,348.05999755859375,349.0,1217400
2022-09-13,337.32000732421875,346.2099914550781,335.3699951171875,342.95001220703125,1436400
2022-09-14,342.9200134277344,343.3699951171875,335.3900146484375,339.0400085449219,1414300
2022-09-15,338.6000061035156,345.1000061035156,336.57000732421875,341.1700134277344,1065700
2022-09-16,333.239990234375,336.55999755859375,330.1600036621094,331.8500061035156,1520400
2022-09-19,337.0799865722656,337.45001220703125,329.42999267578125,330.07000732421875,1037400
2022-09-20,331.57000732421875,335.6700134277344,327.79998779296875,334.0799865722656,819300
2022-09-21,318.1199951171875,334.1300048828125,317.8999938964844,334.1300048828125,1405200
2022-09-22,306.29998779296875,318.2799987792969,306.0199890136719,318.05999755859375,1621900
2022-09-23,293.20001220703125,303.5,289.260009765625,302.5,1926600
2022-09-26,294.6600036621094,300.7900085449219,291.8699951171875,292.260009765625,1325200
2022-09-27,299.19000244140625,303.4599914550781,294.55999755859375,300.20001220703125,1247800
2022-09-28,309.3399963378906,310.8900146484375,298.5400085449219,300.1000061035156,1239500
2022-09-29,300.2200012207031,304.80999755859375,296.1400146484375,303.9700012207031,1262600
2022-09-30,279.55999755859375,287.4800109863281,277.5,285.6499938964844,3842000
2022-10-03,292.1000061035156,295.6400146484375,281.1199951171875,281.5,1776800
2022-10-04,307.79998779296875,308.9700012207031,301.6700134277344,302.1300048828125,1551200
2022-10-05,310.04998779296875,311.54998779296875,301.6700134277344,303.8500061035156,1259400
2022-10-06,310.4800109863281,316.2699890136719,308.0199890136719,308.0199890136719,1060200
2022-10-07,298.2200012207031,306.44000244140625,296.4700012207031,303.54998779296875,1284000
2022-10-10,289.8500061035156,297.6400146484375,286.54998779296875,297.6400146484375,1134000
2022-10-11,295.67999267578125,304.2799987792969,287.8299865722656,296.92999267578125,2579400
2022-10-12,295.5,302.8699951171875,292.1199951171875,298.8500061035156,1671700
2022-10-13,294.510009765625,299.5799865722656,279.1000061035156,285.5,1492400
2022-10-14,288.7799987792969,304.0,286.2799987792969,300.2699890136719,1551300
2022-10-17,297.6499938964844,300.5299987792969,293.32000732421875,295.55999755859375,1492300
2022-10-18,297.760009765625,308.8800048828125,294.260009765625,307.739990234375,1142300
2022-10-19,296.8699951171875,304.5,293.760009765625,295.0,1563900
2022-10-20,293.1300048828125,303.92999267578125,290.20001220703125,296.7200012207031,1338300
2022-10-21,298.6300048828125,299.1300048828125,289.010009765625,291.4599914550781,1258100
2022-10-24,297.67999267578125,299.8399963378906,287.6400146484375,299.8399963378906,1242000
2022-10-25,320.6300048828125,321.6199951171875,300.5299987792969,301.8500061035156,2266000
2022-10-26,321.3299865722656,328.80999755859375,314.1000061035156,316.7799987792969,1725900
2022-10-27,320.6099853515625,327.29998779296875,316.30999755859375,323.5,1339800
2022-10-28,328.4800109863281,329.4800109863281,312.489990234375,314.1400146484375,1697500
2022-10-31,329.0400085449219,332.5899963378906,323.57000732421875,325.0,1219000
2022-11-01,330.3599853515625,337.1400146484375,327.0799865722656,335.0,1154000
2022-11-02,316.05999755859375,331.1099853515625,315.80999755859375,328.9100036621094,1326300
2022-11-03,318.1000061035156,322.8299865722656,310.5199890136719,315.17999267578125,873600
2022-11-04,325.57000732421875,330.8800048828125,317.3900146484375,327.5299987792969,992400
2022-11-07,324.25,330.4200134277344,317.6000061035156,330.4200134277344,929400
2022-11-08,328.5,334.5400085449219,323.57000732421875,326.0799865722656,1044300
2022-11-09,321.2099914550781,334.82000732421875,320.1499938964844,328.260009765625,1370000
2022-11-10,353.8500061035156,354.6499938964844,338.75,338.8399963378906,2212200
2022-11-11,359.70001220703125,370.4599914550781,353.0,353.42999267578125,2337900
2022-11-14,352.739990234375,360.6600036621094,351.05999755859375,354.4599914550781,1258800
2022-11-15,359.55999755859375,368.5400085449219,357.3500061035156,364.9100036621094,1323400
2022-11-16,355.760009765625,357.4200134277344,345.7699890136719,351.6499938964844,1346200
2022-11-17,354.2699890136719,355.1300048828125,347.5899963378906,349.739990234375,806400
2022-11-18,347.8500061035156,360.0,344.29998779296875,358.1199951171875,1201800
2022-11-21,349.3800048828125,351.30999755859375,340.5,344.2900085449219,1042100
2022-11-22,355.6400146484375,355.8699951171875,346.6600036621094,351.7900085449219,901800
2022-11-23,360.5299987792969,362.1099853515625,353.0799865722656,355.3800048828125,824100
2022-11-25,361.1600036621094,362.2799987792969,358.760009765625,359.45001220703125,523400
2022-11-28,363.2799987792969,368.1400146484375,361.3299865722656,361.760009765625,1099700
2022-11-29,363.32000732421875,368.0899963378906,361.42999267578125,363.3900146484375,932800
2022-11-30,380.30999755859375,380.8699951171875,362.6499938964844,364.57000732421875,2269800
2022-12-01,381.82000732421875,386.45001220703125,377.8900146484375,380.30999755859375,1236300
2022-12-02,385.989990234375,386.70001220703125,375.20001220703125,375.510009765625,1180800
2022-12-05,381.1300048828125,384.1400146484375,374.760009765625,384.1400146484375,1699600
2022-12-06,370.0,382.0799865722656,366.3900146484375,380.6000061035156,1199400
2022-12-07,372.3299865722656,377.010009765625,369.9800109863281,371.2300109863281,1387000
2022-12-08,374.510009765625,377.20001220703125,368.44000244140625,374.989990234375,3344100
2022-12-09,326.3900146484375,349.0,323.1499938964844,344.1300048828125,9306000
2022-12-12,328.2300109863281,328.5,319.0,325.239990234375,4119800
2022-12-13,326.2699890136719,339.80999755859375,321.5,338.0,2618500
2022-12-14,333.3299865722656,337.2699890136719,326.0,326.2699890136719,2816600
2022-12-15,325.2099914550781,331.489990234375,325.0,327.1000061035156,2073000
2022-12-16,321.239990234375,326.5,318.19000244140625,322.07000732421875,2170500
2022-12-19,316.9200134277344,321.30999755859375,316.510009765625,321.30999755859375,1247600
2022-12-20,307.1199951171875,315.54998779296875,306.3800048828125,315.0,2354200
2022-12-21,316.739990234375,320.42999267578125,311.55999755859375,317.9100036621094,2324900
2022-12-22,312.92999267578125,314.489990234375,308.69000244140625,313.0199890136719,1499300
2022-12-23,311.5400085449219,312.67999267578125,309.0,310.25,933500
2022-12-27,315.0400085449219,318.989990234375,309.6600036621094,312.7699890136719,1287900
2022-12-28,308.9599914550781,315.82000732421875,307.6300048828125,313.989990234375,1458200
2022-12-29,316.82000732421875,318.30999755859375,310.0400085449219,310.2099914550781,936000
2022-12-30,320.3800048828125,320.4700012207031,311.29998779296875,311.8599853515625,1345700
2023-01-03,323.3800048828125,327.3399963378906,319.4599914550781,326.8800048828125,1305000
2023-01-04,320.9800109863281,326.75,317.0299987792969,326.55999755859375,1678100
2023-01-05,325.92999267578125,328.5400085449219,316.5,320.8699951171875,1787000
2023-01-06,329.260009765625,334.2300109863281,326.82000732421875,329.5,2298200
2023-01-09,298.6600036621094,304.4100036621094,289.4800109863281,293.20001220703125,8292900
2023-01-10,309.4800109863281,309.8800048828125,298.5899963378906,299.8399963378906,3140400
2023-01-11,311.9599914550781,312.4100036621094,306.8999938964844,310.760009765625,2224400
2023-01-12,314.989990234375,316.8500061035156,306.8599853515625,311.9599914550781,1587700
2023-01-13,315.4700012207031,315.739990234375,310.25,311.1700134277344,1543200
2023-01-17,323.82000732421875,324.19000244140625,313.1499938964844,314.0,1491400
2023-01-18,318.07000732421875,327.760009765625,317.1700134277344,324.8500061035156,1284100
2023-01-19,307.94000244140625,316.8399963378906,306.70001220703125,316.010009765625,1519700
2023-01-20,312.79998779296875,314.4200134277344,304.3399963378906,307.25,1537800
2023-01-23,316.0799865722656,319.1300048828125,310.0,312.5,1643400
2023-01-24,311.2099914550781,311.4200134277344,302.1099853515625,304.45001220703125,2693700
2023-01-25,309.5199890136719,310.8500061035156,304.2200012207031,305.4100036621094,1425100
2023-01-26,309.5899963378906,313.5,305.7699890136719,313.2699890136719,1708300
2023-01-27,310.8500061035156,311.69000244140625,305.17999267578125,307.80999755859375,2077500
2023-01-30,302.5899963378906,310.9599914550781,302.4100036621094,308.9800109863281,1585300
2023-01-31,306.8800048828125,307.260009765625,301.79998779296875,303.2099914550781,1667300
2023-02-01,315.7099914550781,318.69000244140625,305.25,306.8999938964844,2010200
2023-02-02,322.760009765625,328.4200134277344,316.55999755859375,318.9599914550781,2224900
2023-02-03,319.4200134277344,325.1000061035156,317.5,317.5,1191200
2023-02-06,311.32000732421875,319.3900146484375,310.19000244140625,314.4200134277344,1249300
2023-02-07,319.1000061035156,319.7799987792969,305.7799987792969,311.6600036621094,1263000
2023-02-08,309.2799987792969,315.5199890136719,307.0299987792969,314.05999755859375,1479700
2023-02-09,310.45001220703125,316.5299987792969,309.2300109863281,313.42999267578125,1150700
2023-02-10,309.3999938964844,311.5,305.7799987792969,306.9100036621094,1365000
2023-02-13,317.0799865722656,317.489990234375,309.9700012207031,311.30999755859375,1202500
2023-02-14,319.8800048828125,321.7900085449219,311.6600036621094,313.6400146484375,1005900
2023-02-15,325.2300109863281,325.2699890136719,317.6700134277344,318.05999755859375,1027000
2023-02-16,321.8299865722656,328.1600036621094,319.5799865722656,322.6099853515625,1096900
2023-02-17,320.3599853515625,322.1099853515625,315.20001220703125,318.7699890136719,840000
2023-02-21,314.1099853515625,318.3399963378906,313.79998779296875,314.8299865722656,1065500
2023-02-22,316.5199890136719,317.5400085449219,312.3500061035156,313.7699890136719,768800
2023-02-23,317.79998779296875,318.0,310.2099914550781,316.5400085449219,984000
2023-02-24,308.1000061035156,313.3299865722656,305.82000732421875,313.3299865722656,1287600
2023-02-27,310.29998779296875,313.1499938964844,307.3599853515625,311.5,1006000
2023-02-28,309.20001220703125,312.9800109863281,308.3800048828125,308.67999267578125,1032200
2023-03-01,309.489990234375,311.760009765625,303.80999755859375,309.3900146484375,1255300
2023-03-02,311.6499938964844,313.6000061035156,306.57000732421875,307.94000244140625,898300
2023-03-03,316.8299865722656,317.5899963378906,311.29998779296875,314.0,977400
2023-03-06,304.6000061035156,316.8500061035156,304.5299987792969,314.2699890136719,2401800
2023-03-07,301.80999755859375,311.3999938964844,301.5299987792969,305.7300109863281,1974900
2023-03-08,305.8699951171875,307.2699890136719,300.6499938964844,302.1099853515625,1395200
2023-03-09,301.79998779296875,309.19000244140625,300.19000244140625,305.7300109863281,1492000
2023-03-10,296.260009765625,302.9200134277344,294.2300109863281,302.8800048828125,2863300
2023-03-13,292.8999938964844,296.8299865722656,288.5299987792969,294.4100036621094,3388800
2023-03-14,295.1000061035156,296.5199890136719,291.5,296.1499938964844,2805900
2023-03-15,293.2300109863281,294.2900085449219,286.5799865722656,291.0199890136719,2055300
2023-03-16,297.3999938964844,297.5400085449219,289.1400146484375,290.42999267578125,1667700
2023-03-17,294.739990234375,297.32000732421875,289.94000244140625,294.8699951171875,2517600
2023-03-20,293.45001220703125,297.42999267578125,289.80999755859375,295.9599914550781,1621900
2023-03-21,298.80999755859375,304.75,296.4599914550781,296.5299987792969,2369300
2023-03-22,303.7300109863281,312.20001220703125,300.7799987792969,301.6199951171875,2457200
2023-03-23,308.2200012207031,312.5799865722656,304.19000244140625,308.2799987792969,1517800
2023-03-24,313.45001220703125,315.510009765625,306.5899963378906,308.05999755859375,1506500
2023-03-27,317.2200012207031,317.8699951171875,310.4100036621094,316.29998779296875,1817600
2023-03-28,320.30999755859375,321.25,314.2200012207031,319.6099853515625,5869000
2023-03-29,361.0400085449219,370.25,359.6400146484375,366.25,11502000
2023-03-30,358.0899963378906,368.1400146484375,356.5,365.0,2864900
2023-03-31,364.19000244140625,364.489990234375,357.7300109863281,360.04998779296875,2218000
2023-04-03,367.3999938964844,367.5199890136719,361.739990234375,364.19000244140625,1655600
2023-04-04,366.79998779296875,370.260009765625,364.79998779296875,366.5899963378906,1682200
2023-04-05,364.80999755859375,371.260009765625,362.760009765625,367.6400146484375,1437900
2023-04-06,364.3299865722656,365.5899963378906,359.6400146484375,362.2200012207031,1322000
2023-04-10,363.3699951171875,364.6700134277344,361.1700134277344,361.4700012207031,972200
2023-04-11,365.80999755859375,368.94000244140625,361.79998779296875,362.75,1329300
2023-04-12,363.5400085449219,370.0,363.1099853515625,370.0,1092900
2023-04-13,364.3800048828125,366.8599853515625,363.5,365.8699951171875,1202400
2023-04-14,368.25,369.1400146484375,363.8599853515625,364.0,1030800
2023-04-17,368.3800048828125,373.4100036621094,366.989990234375,369.989990234375,1820000
2023-04-18,372.5,373.5,369.5299987792969,372.1000061035156,1407000
2023-04-19,370.1199951171875,374.05999755859375,369.8500061035156,371.75,878800
2023-04-20,376.7099914550781,377.8399963378906,369.07000732421875,369.5299987792969,1403800
2023-04-21,377.79998779296875,378.0899963378906,374.2799987792969,376.7099914550781,1007700
2023-04-24,381.3699951171875,384.25,377.8299865722656,378.760009765625,1504000
2023-04-25,372.80999755859375,380.3900146484375,372.260009765625,378.2200012207031,1784300
2023-04-26,372.94000244140625,375.2099914550781,371.8599853515625,373.7799987792969,1019700
2023-04-27,378.0799865722656,379.1499938964844,373.32000732421875,376.3399963378906,1045100
2023-04-28,379.92999267578125,380.3299865722656,375.9100036621094,377.1600036621094,1013600
2023-05-01,384.989990234375,385.44000244140625,380.2099914550781,380.5799865722656,1302300
2023-05-02,380.75,383.79998779296875,378.25,383.17999267578125,1229400
2023-05-03,383.1199951171875,387.67999267578125,378.3800048828125,381.5299987792969,1279600
2023-05-04,382.05999755859375,384.7300109863281,381.0199890136719,383.1199951171875,1481700
2023-05-05,386.7099914550781,389.05999755859375,382.6300048828125,385.3299865722656,1318100
2023-05-08,381.8599853515625,388.989990234375,380.9200134277344,387.989990234375,1130900
2023-05-09,381.44000244140625,383.3699951171875,375.92999267578125,377.1099853515625,1004900
2023-05-10,379.32000732421875,385.3599853515625,377.7200012207031,385.3599853515625,1027100
2023-05-11,377.32000732421875,379.6600036621094,376.04998779296875,378.75,775800
2023-05-12,376.20001220703125,378.42999267578125,372.5,377.010009765625,1044300
2023-05-15,375.7099914550781,378.0,373.7099914550781,376.6000061035156,1298200
2023-05-16,371.5199890136719,372.8800048828125,367.54998779296875,372.1600036621094,1509200
2023-05-17,372.2200012207031,373.239990234375,367.3500061035156,371.29998779296875,1377200
2023-05-18,378.70001220703125,379.3500061035156,371.1499938964844,371.8999938964844,1223100
2023-05-19,368.5299987792969,375.2099914550781,365.1099853515625,375.2099914550781,1566400
2023-05-22,363.1199951171875,367.8399963378906,356.6499938964844,366.92999267578125,1830800
2023-05-23,353.8599853515625,362.989990234375,352.45001220703125,362.3999938964844,1589000
2023-05-24,344.5799865722656,353.9700012207031,343.4200134277344,353.8599853515625,2117600
2023-05-25,342.3399963378906,346.5299987792969,340.95001220703125,343.0899963378906,1415000
2023-05-26,340.260009765625,344.3900146484375,339.489990234375,342.3399963378906,1789800
2023-05-30,336.6400146484375,343.3800048828125,335.3500061035156,341.0199890136719,2531700
2023-05-31,331.92999267578125,335.989990234375,329.1199951171875,335.3900146484375,3735200
2023-06-01,328.3500061035156,334.67999267578125,326.92999267578125,330.9100036621094,4166100
2023-06-02,365.44000244140625,386.3299865722656,364.82000732421875,378.2300109863281,9304500
2023-06-05,356.44000244140625,363.6400146484375,355.6099853515625,363.0,3093000
2023-06-06,356.0199890136719,361.6099853515625,354.7799987792969,357.8999938964844,1707900
2023-06-07,353.92999267578125,358.3999938964844,352.5400085449219,355.0899963378906,1376400
2023-06-08,354.95001220703125,355.2699890136719,350.8999938964844,354.0199890136719,1367200
2023-06-09,360.3999938964844,360.5,354.010009765625,355.489990234375,1707000
2023-06-12,368.17999267578125,368.79998779296875,357.1600036621094,362.17999267578125,1939900
2023-06-13,368.3599853515625,370.5299987792969,364.42999267578125,370.25,1629500
2023-06-14,377.2099914550781,378.760009765625,369.0899963378906,370.0,1827900
2023-06-15,382.6300048828125,383.20001220703125,376.1000061035156,377.2099914550781,1405700
2023-06-16,383.0199890136719,386.8699951171875,381.04998779296875,386.8699951171875,1849700
2023-06-20,383.489990234375,383.8299865722656,378.760009765625,383.0,1468700
2023-06-21,378.80999755859375,385.5,378.0199890136719,384.0299987792969,1212900
2023-06-22,377.9599914550781,379.4200134277344,376.0,376.42999267578125,886900
2023-06-23,374.25,377.29998779296875,372.4599914550781,374.1000061035156,3262900
2023-06-26,373.7699890136719,378.2900085449219,373.4700012207031,377.30999755859375,1028100
2023-06-27,374.5199890136719,377.5,374.1600036621094,375.2900085449219,823300
2023-06-28,376.25,378.8299865722656,374.3399963378906,377.05999755859375,880400
2023-06-29,370.260009765625,379.9599914550781,369.8399963378906,378.0199890136719,1103500
2023-06-30,378.5,380.3699951171875,374.760009765625,375.3699951171875,1477700
2023-07-03,379.4100036621094,381.5,377.6099853515625,379.8999938964844,498300
2023-07-05,375.989990234375,381.1499938964844,374.1000061035156,376.3299865722656,1000100
2023-07-06,367.0299987792969,373.489990234375,366.010009765625,370.0,1136000
2023-07-07,363.739990234375,367.8999938964844,363.260009765625,366.0,934100
2023-07-10,369.5199890136719,372.8800048828125,364.2900085449219,364.7200012207031,1043300
2023-07-11,379.4800109863281,380.0899963378906,371.3800048828125,371.44000244140625,887300
2023-07-12,383.32000732421875,384.739990234375,378.54998779296875,383.6000061035156,979900
2023-07-13,379.5400085449219,387.7300109863281,379.3399963378906,386.989990234375,702000
2023-07-14,380.4100036621094,381.7799987792969,377.5199890136719,379.7300109863281,660000
2023-07-17,383.69000244140625,385.3500061035156,378.3999938964844,379.07000732421875,809400
2023-07-18,385.4200134277344,385.57000732421875,379.2300109863281,384.3800048828125,935200
2023-07-19,390.510009765625,394.5400085449219,384.8699951171875,385.0,1478200
2023-07-20,381.8599853515625,390.8299865722656,381.42999267578125,386.5799865722656,1341500
2023-07-21,382.9599914550781,388.3800048828125,381.0,384.6199951171875,2641800
2023-07-24,380.3900146484375,384.3500061035156,376.80999755859375,382.42999267578125,1211900
2023-07-25,382.1199951171875,383.1099853515625,378.7300109863281,380.0,725600
2023-07-26,378.9800109863281,381.5400085449219,375.79998779296875,380.92999267578125,782400
2023-07-27,370.75,382.8800048828125,368.760009765625,381.4200134277344,1261800
2023-07-28,377.9599914550781,378.6400146484375,374.5299987792969,375.8699951171875,1041400
2023-07-31,378.5299987792969,382.07000732421875,377.3900146484375,377.9599914550781,867200
2023-08-01,381.2099914550781,382.30999755859375,376.0,376.989990234375,1096100
2023-08-02,376.6499938964844,378.5799865722656,375.0,377.4599914550781,916200
2023-08-03,384.0,385.45001220703125,375.0,375.760009765625,1055500
2023-08-04,378.20001220703125,386.4700012207031,377.42999267578125,385.4100036621094,907700
2023-08-07,382.5,383.0899963378906,377.19000244140625,380.95001220703125,761500
2023-08-08,380.70001220703125,381.1099853515625,373.7099914550781,378.6400146484375,860600
2023-08-09,382.3299865722656,386.0,376.6300048828125,382.0,748100
2023-08-10,384.54998779296875,394.6400146484375,383.3699951171875,385.8800048828125,937600
2023-08-11,381.1300048828125,383.6000061035156,377.739990234375,382.9800109863281,650100
2023-08-14,385.0199890136719,387.42999267578125,379.5299987792969,380.0,861300
2023-08-15,383.17999267578125,385.45001220703125,378.010009765625,383.0,941700
2023-08-16,381.1600036621094,389.7799987792969,381.0799865722656,384.7799987792969,743500
2023-08-17,376.29998779296875,384.0199890136719,376.0400085449219,383.8500061035156,831400
2023-08-18,381.2900085449219,382.6499938964844,371.45001220703125,372.5899963378906,945500
2023-08-21,384.8999938964844,385.739990234375,381.3399963378906,382.95001220703125,1009200
2023-08-22,379.4200134277344,381.5299987792969,373.5400085449219,380.6000061035156,1122900
2023-08-23,377.7099914550781,379.3299865722656,368.8299865722656,374.9599914550781,1411400
2023-08-24,360.2200012207031,379.4100036621094,359.80999755859375,379.4100036621094,2347100
2023-08-25,365.5899963378906,367.3900146484375,360.4200134277344,362.05999755859375,1138400
2023-08-28,365.8399963378906,367.989990234375,362.9700012207031,367.0899963378906,1191300
2023-08-29,374.7300109863281,375.8699951171875,363.3500061035156,365.010009765625,1260300
2023-08-30,376.7300109863281,379.0,373.5,378.8699951171875,1175800
2023-08-31,381.260009765625,382.8900146484375,378.5,379.2699890136719,3328500
2023-09-01,404.19000244140625,406.75,385.1099853515625,393.0,5170400
2023-09-05,401.80999755859375,406.94000244140625,397.2799987792969,400.0,1855900
2023-09-06,399.0,404.4700012207031,396.7699890136719,400.7099914550781,990000
2023-09-07,398.989990234375,400.8399963378906,396.010009765625,397.5199890136719,830300
2023-09-08,396.3599853515625,401.3800048828125,395.510009765625,401.04998779296875,665600
2023-09-11,397.44000244140625,399.30999755859375,392.7699890136719,396.3599853515625,764200
2023-09-12,388.1199951171875,400.42999267578125,387.17999267578125,396.2699890136719,1102000
2023-09-13,388.9700012207031,392.9800109863281,385.55999755859375,386.6700134277344,898600
2023-09-14,388.739990234375,394.17999267578125,384.30999755859375,394.17999267578125,914200
2023-09-15,389.92999267578125,390.0,383.6700134277344,388.8999938964844,1411000
2023-09-18,382.80999755859375,391.989990234375,381.67999267578125,391.70001220703125,1178000
2023-09-19,384.45001220703125,386.44000244140625,379.4200134277344,382.6499938964844,740800
2023-09-20,391.8800048828125,397.989990234375,387.8800048828125,389.1499938964844,1487700
2023-09-21,383.8999938964844,390.4800109863281,383.75,387.44000244140625,1543700
2023-09-22,388.04998779296875,391.7099914550781,386.3800048828125,387.5,1102600
2023-09-25,384.3299865722656,387.5,378.1099853515625,386.0199890136719,1576700
2023-09-26,380.6600036621094,384.7200012207031,378.2900085449219,380.6300048828125,1521100
2023-09-27,379.1400146484375,384.2900085449219,377.0400085449219,382.2099914550781,700400
2023-09-28,379.0,382.1499938964844,375.6199951171875,381.54998779296875,1146500
2023-09-29,385.6099853515625,389.9599914550781,382.20001220703125,387.3500061035156,1509100
2023-10-02,382.8599853515625,388.8699951171875,380.8800048828125,384.6000061035156,1197500
2023-10-03,368.3399963378906,381.5299987792969,365.17999267578125,378.8399963378906,1652700
2023-10-04,370.1000061035156,372.0,366.989990234375,367.760009765625,976300
2023-10-05,360.3599853515625,367.5,360.20001220703125,367.5,1625400
2023-10-06,367.2200012207031,368.7799987792969,354.6600036621094,360.0,1677900
2023-10-09,372.6400146484375,372.8699951171875,363.57000732421875,366.8999938964844,1079100
2023-10-10,373.0299987792969,378.8399963378906,371.44000244140625,372.6400146484375,1178500
2023-10-11,373.3599853515625,375.9599914550781,368.239990234375,374.0,1046300
2023-10-12,373.94000244140625,374.8999938964844,366.989990234375,374.8999938964844,1250900
2023-10-13,377.69000244140625,384.6000061035156,374.3999938964844,375.0,1941700
2023-10-16,416.6400146484375,419.010009765625,401.8399963378906,402.239990234375,11454200
2023-10-17,412.94000244140625,419.8599853515625,412.19000244140625,415.0,28064700
2023-10-18,405.6099853515625,417.20001220703125,404.7699890136719,412.0199890136719,3750100
2023-10-19,396.19000244140625,408.2099914550781,394.5799865722656,407.010009765625,2628200
2023-10-20,395.82000732421875,398.1300048828125,389.0,397.42999267578125,1937000
2023-10-23,402.4599914550781,406.80999755859375,392.0799865722656,394.9200134277344,1827700
2023-10-24,403.3699951171875,405.6099853515625,398.3399963378906,405.6099853515625,1575800
2023-10-25,396.70001220703125,403.82000732421875,396.1199951171875,401.0,1309700
2023-10-26,388.6199951171875,394.0400085449219,386.0,393.17999267578125,1837200
2023-10-27,386.82000732421875,392.2099914550781,384.3699951171875,390.0,1448600
2023-10-30,391.75,393.2699890136719,387.75,388.44000244140625,1005200
2023-10-31,393.4800109863281,395.70001220703125,389.010009765625,391.75,1084300
2023-11-01,395.2900085449219,395.80999755859375,385.260009765625,393.30999755859375,1312600
2023-11-02,403.5,404.8699951171875,398.70001220703125,398.9100036621094,1390000
2023-11-03,407.92999267578125,412.0299987792969,406.2699890136719,408.7799987792969,1231000
2023-11-06,407.95001220703125,412.2699890136719,404.510009765625,411.5,826900
2023-11-07,413.69000244140625,414.4800109863281,406.0,409.8999938964844,1175700
2023-11-08,409.6400146484375,415.1499938964844,409.32000732421875,415.0,714500
2023-11-09,406.5799865722656,410.75,404.69000244140625,410.75,922600
2023-11-10,413.6700134277344,413.8999938964844,404.8900146484375,407.510009765625,1038900
2023-11-13,416.9800109863281,418.6099853515625,409.79998779296875,410.4800109863281,1277100
2023-11-14,430.3299865722656,431.1000061035156,421.69000244140625,422.6600036621094,1566300
2023-11-15,432.19000244140625,437.05999755859375,431.45001220703125,433.0899963378906,1257500
2023-11-16,420.2799987792969,431.5,416.54998779296875,430.6700134277344,1706800
2023-11-17,422.44000244140625,425.6700134277344,421.0400085449219,425.2200012207031,1219800
2023-11-20,428.5799865722656,429.5899963378906,422.7799987792969,423.8900146484375,866000
2023-11-21,430.3699951171875,431.9200134277344,425.75,426.6499938964844,867400
2023-11-22,428.6300048828125,435.07000732421875,428.19000244140625,430.82000732421875,800600
2023-11-24,431.760009765625,432.2699890136719,426.3500061035156,428.29998779296875,401700
2023-11-27,435.6700134277344,437.80999755859375,430.04998779296875,430.04998779296875,1074800
2023-11-28,427.7300109863281,436.6600036621094,427.0899963378906,435.57000732421875,1353900
2023-11-29,438.3500061035156,439.760009765625,428.6000061035156,429.20001220703125,1658800
2023-11-30,446.79998779296875,448.7300109863281,438.6000061035156,439.7699890136719,2372000
2023-12-01,466.6099853515625,467.6300048828125,447.6000061035156,447.6000061035156,2454900
2023-12-04,460.760009765625,463.3699951171875,452.2300109863281,459.20001220703125,2637100
2023-12-05,456.92999267578125,462.2699890136719,452.5299987792969,454.760009765625,1793500
2023-12-06,460.6700134277344,464.05999755859375,458.2699890136719,459.2799987792969,1387200
2023-12-07,464.6700134277344,466.6300048828125,460.6000061035156,460.6700134277344,3243500
2023-12-08,489.6400146484375,493.79998779296875,448.80999755859375,455.8800048828125,7136900
2023-12-11,502.739990234375,507.44000244140625,490.0,493.95001220703125,2799000
2023-12-12,503.6499938964844,504.3999938964844,495.67999267578125,503.0,1717100
2023-12-13,504.5,508.42999267578125,494.0899963378906,502.8299865722656,1698900
2023-12-14,489.29998779296875,505.6300048828125,487.19000244140625,505.05999755859375,2649600
2023-12-15,491.4599914550781,492.19000244140625,483.80999755859375,486.4599914550781,2676900
2023-12-18,501.6300048828125,501.7200012207031,488.4200134277344,490.010009765625,1230600
2023-12-19,506.8599853515625,509.3299865722656,502.8299865722656,503.5799865722656,1174800
2023-12-20,505.1499938964844,511.6000061035156,503.95001220703125,504.510009765625,1063000
2023-12-21,511.0299987792969,511.2699890136719,505.510009765625,507.8599853515625,896600
2023-12-22,510.0,510.4800109863281,502.2200012207031,502.6000061035156,1178300
2023-12-26,506.32000732421875,513.5,505.5199890136719,513.239990234375,887300
2023-12-27,508.80999755859375,509.8800048828125,505.5299987792969,506.0,816400
2023-12-28,509.2200012207031,512.47998046875,508.2699890136719,510.4599914550781,688700
2023-12-29,511.2900085449219,516.3900146484375,508.4599914550781,509.8699951171875,917600
2024-01-02,505.3800048828125,508.9200134277344,502.1499938964844,508.57000732421875,1187800
2024-01-03,498.0199890136719,503.95001220703125,496.69000244140625,501.8900146484375,1029200
2024-01-04,496.0,502.0,495.010009765625,496.8999938964844,1174400
2024-01-05,491.1000061035156,499.2099914550781,490.69000244140625,495.9200134277344,1121500
2024-01-08,491.4800109863281,493.489990234375,478.1300048828125,488.4700012207031,1827300
2024-01-09,485.7099914550781,489.92999267578125,483.0899963378906,488.92999267578125,1242700
2024-01-10,484.1000061035156,488.510009765625,482.5899963378906,488.0,1276000
2024-01-11,485.4800109863281,486.2099914550781,478.1600036621094,483.3900146484375,823500
2024-01-12,479.94000244140625,490.8399963378906,479.0899963378906,488.0799865722656,1050100
2024-01-16,470.7300109863281,478.04998779296875,467.5799865722656,478.04998779296875,1370200
2024-01-17,468.3999938964844,469.5799865722656,462.8399963378906,469.17999267578125,1347000
2024-01-18,477.45001220703125,478.4599914550781,468.8399963378906,472.19000244140625,1482300
2024-01-19,484.0199890136719,484.75,475.04998779296875,477.760009765625,1254800
2024-01-22,481.8900146484375,483.29998779296875,477.6199951171875,483.0,909500
2024-01-23,477.0,481.8900146484375,474.5,480.2200012207031,1038400
2024-01-24,474.8399963378906,480.9599914550781,472.6700134277344,477.0,1399400
2024-01-25,474.29998779296875,476.94000244140625,468.1600036621094,475.2200012207031,964300
2024-01-26,478.0299987792969,484.30999755859375,470.6499938964844,475.0,1128700
2024-01-29,481.989990234375,482.44000244140625,475.739990234375,478.0299987792969,1072400
2024-01-30,481.3999938964844,491.29998779296875,479.760009765625,481.989990234375,1295100
2024-01-31,453.82000732421875,473.1000061035156,451.3500061035156,472.0199890136719,2879200
2024-02-01,461.94000244140625,463.0299987792969,454.0199890136719,454.8999938964844,1526200
2024-02-02,462.3999938964844,464.6199951171875,454.6199951171875,458.5,1144200
2024-02-05,456.7300109863281,459.04998779296875,450.54998779296875,458.4100036621094,1166100
2024-02-06,456.5400085449219,459.6600036621094,450.05999755859375,457.30999755859375,1531000
2024-02-07,457.75,463.25,456.20001220703125,459.0400085449219,1013300
2024-02-08,472.9800109863281,476.6199951171875,460.9800109863281,463.2699890136719,1510300
2024-02-09,470.239990234375,471.260009765625,458.7799987792969,466.6099853515625,1350000
2024-02-12,466.0799865722656,478.0,465.1199951171875,473.2799987792969,1174700
2024-02-13,456.2300109863281,461.95001220703125,454.0,457.55999755859375,1264100
2024-02-14,460.7099914550781,461.989990234375,456.70001220703125,460.44000244140625,697200
2024-02-15,458.9800109863281,463.239990234375,454.5,461.32000732421875,915500
2024-02-16,449.6000061035156,457.3900146484375,445.5299987792969,457.1199951171875,1340700
2024-02-20,444.6000061035156,449.6000061035156,441.010009765625,445.7699890136719,1185300
2024-02-21,443.4599914550781,448.4100036621094,440.260009765625,447.2799987792969,808300
2024-02-22,455.260009765625,457.3599853515625,447.3500061035156,448.1000061035156,1105000
2024-02-23,457.8900146484375,462.82000732421875,454.2200012207031,458.5,862300
2024-02-26,468.25,472.9599914550781,459.260009765625,461.05999755859375,1447000
2024-02-27,467.8399963378906,471.5,463.95001220703125,471.0899963378906,919500
2024-02-28,464.1400146484375,474.1700134277344,463.3399963378906,466.5,913800
2024-02-29,467.0899963378906,469.8999938964844,461.1000061035156,466.0299987792969,1431900
2024-03-01,458.5,464.57000732421875,457.6300048828125,461.44000244140625,1294600
2024-03-04,450.7900085449219,459.0299987792969,449.7699890136719,458.6300048828125,1254200
2024-03-05,446.05999755859375,448.80999755859375,443.6099853515625,448.80999755859375,975500
2024-03-06,448.5400085449219,452.6600036621094,443.5199890136719,451.989990234375,941300
2024-03-07,457.2799987792969,461.0,449.0299987792969,449.0299987792969,1078300
2024-03-08,460.3900146484375,465.4200134277344,457.2900085449219,461.2699890136719,754700
2024-03-11,457.760009765625,461.5299987792969,453.6700134277344,461.5299987792969,729700
2024-03-12,465.2799987792969,467.8599853515625,458.55999755859375,459.4800109863281,841200
2024-03-13,465.54998779296875,471.7200012207031,465.3699951171875,467.92999267578125,799700
2024-03-14,470.010009765625,472.05999755859375,462.75,472.05999755859375,1316800
2024-03-15,464.94000244140625,470.6700134277344,463.1600036621094,467.1199951171875,1678100
2024-03-18,459.57000732421875,469.69000244140625,459.4800109863281,465.9200134277344,1261300
2024-03-19,467.2699890136719,467.8599853515625,454.2300109863281,457.69000244140625,1428900
2024-03-20,469.04998779296875,469.7900085449219,461.9200134277344,467.3399963378906,1627800
2024-03-21,478.8399963378906,480.94000244140625,469.0,472.0,4022000
2024-03-22,403.19000244140625,418.70001220703125,387.1099853515625,416.25,19659900
2024-03-25,388.8999938964844,405.0899963378906,387.04998779296875,405.0899963378906,5122900
2024-03-26,386.1400146484375,395.2699890136719,385.8800048828125,393.5899963378906,2881700
2024-03-27,389.4599914550781,394.4599914550781,386.4700012207031,387.0799865722656,2340500
2024-03-28,390.6499938964844,394.32000732421875,390.07000732421875,390.5,1699100
2024-04-01,385.20001220703125,394.0,384.0199890136719,393.54998779296875,1827500
2024-04-02,378.05999755859375,381.6400146484375,376.1400146484375,380.0,2137700
2024-04-03,374.010009765625,379.8999938964844,373.80999755859375,378.67999267578125,1550800
2024-04-04,357.55999755859375,373.3399963378906,356.75,373.0,4717600
2024-04-05,356.8699951171875,360.82000732421875,355.2300109863281,357.8999938964844,1808200
2024-04-08,360.4599914550781,361.7200012207031,355.8699951171875,358.6099853515625,1684500
2024-04-09,358.79998779296875,360.989990234375,355.4100036621094,360.1000061035156,1965600
2024-04-10,350.25,355.17999267578125,349.5299987792969,352.79998779296875,1962800
2024-04-11,349.9200134277344,352.04998779296875,347.510009765625,350.5899963378906,1948300
2024-04-12,336.1300048828125,346.8999938964844,336.0400085449219,345.4700012207031,2661700
2024-04-15,334.760009765625,343.82000732421875,334.5299987792969,340.989990234375,2326900
2024-04-16,338.9800109863281,341.1099853515625,330.6099853515625,334.0299987792969,2147100
2024-04-17,344.8599853515625,346.45001220703125,341.239990234375,342.0,2147800
2024-04-18,347.510009765625,352.1000061035156,344.30999755859375,346.5,2180200
2024-04-19,352.4700012207031,353.1000061035156,346.3900146484375,346.9599914550781,2464600
2024-04-22,361.7900085449219,364.6300048828125,354.67999267578125,354.67999267578125,2537800
2024-04-23,364.67999267578125,366.19000244140625,359.3299865722656,362.1700134277344,1589900
2024-04-24,364.5899963378906,368.3599853515625,361.2200012207031,368.3599853515625,1260300
2024-04-25,360.0,364.0,356.6700134277344,363.19000244140625,1538400
2024-04-26,364.70001220703125,367.5899963378906,359.3900146484375,359.42999267578125,1234500
2024-04-29,363.9599914550781,366.9800109863281,357.0199890136719,357.8900146484375,1361200
2024-04-30,360.6000061035156,362.5899963378906,358.6199951171875,362.5899963378906,1592700
2024-05-01,354.3999938964844,360.45001220703125,351.6700134277344,358.04998779296875,1336000
2024-05-02,350.79998779296875,357.2900085449219,348.510009765625,356.3399963378906,1818600
2024-05-03,355.1499938964844,357.04998779296875,351.7699890136719,355.20001220703125,1257700
2024-05-06,350.239990234375,357.8999938964844,349.1700134277344,357.0,1324100
2024-05-07,349.8500061035156,354.1600036621094,348.79998779296875,350.9800109863281,1207800
2024-05-08,345.6099853515625,349.0199890136719,345.07000732421875,347.2099914550781,1366400
2024-05-09,352.95001220703125,355.20001220703125,346.1099853515625,346.9700012207031,1774800
2024-05-10,352.9599914550781,353.3800048828125,347.3900146484375,352.8999938964844,1390800
2024-05-13,347.1600036621094,355.44000244140625,347.0,354.3699951171875,1482300
2024-05-14,352.3500061035156,353.3900146484375,349.0400085449219,349.0400085449219,1228000
2024-05-15,346.8500061035156,354.5299987792969,346.239990234375,354.5,1527700
2024-05-16,338.2799987792969,347.67999267578125,337.5400085449219,347.67999267578125,3261400
2024-05-17,334.95001220703125,338.75,334.0199890136719,338.75,2588600
2024-05-20,327.07000732421875,334.2099914550781,323.6600036621094,334.2099914550781,3629200
2024-05-21,322.9800109863281,328.2900085449219,322.1499938964844,327.3500061035156,2225100
2024-05-22,299.6300048828125,307.9200134277344,295.739990234375,306.9100036621094,8918100
2024-05-23,299.739990234375,303.6600036621094,295.2799987792969,299.6499938964844,3824400
2024-05-24,303.010009765625,306.9200134277344,299.739990234375,301.5299987792969,2282200
2024-05-28,295.25,304.4200134277344,293.0299987792969,304.0,2845600
2024-05-29,298.5400085449219,301.45001220703125,293.3599853515625,294.0,2604500
2024-05-30,302.8999938964844,307.3800048828125,299.0,299.8399963378906,2639400
2024-05-31,311.989990234375,313.3299865722656,306.70001220703125,307.9100036621094,4260700
2024-06-03,306.6199951171875,314.1300048828125,305.7900085449219,311.260009765625,2098500
2024-06-04,306.7799987792969,309.2799987792969,301.3399963378906,303.8999938964844,2151200
2024-06-05,308.2699890136719,308.760009765625,301.04998779296875,308.760009765625,6609400
2024-06-06,323.0299987792969,337.760009765625,314.6499938964844,337.010009765625,12294700
2024-06-07,317.8599853515625,329.7300109863281,316.260009765625,321.19000244140625,4031400
2024-06-10,318.260009765625,322.0299987792969,314.010009765625,314.6600036621094,2133400
2024-06-11,318.0400085449219,319.70001220703125,314.7699890136719,315.3900146484375,1760700
2024-06-12,309.80999755859375,321.95001220703125,307.8800048828125,321.8900146484375,2681100
2024-06-13,307.489990234375,309.1400146484375,303.8699951171875,306.8800048828125,2078400
2024-06-14,306.010009765625,308.0,303.1600036621094,305.1199951171875,1472700
2024-06-17,312.9100036621094,313.2200012207031,303.75,304.2799987792969,1948900
2024-06-18,313.2300109863281,315.5,311.5199890136719,312.1199951171875,1836800
2024-06-20,310.7699890136719,314.6600036621094,310.2200012207031,314.3800048828125,1626100
2024-06-21,311.82000732421875,313.45001220703125,309.1000061035156,311.2699890136719,3246900
2024-06-24,312.2799987792969,316.5299987792969,311.739990234375,312.2900085449219,2155600
2024-06-25,309.07000732421875,317.2099914550781,307.69000244140625,312.3399963378906,1989000
2024-06-26,304.80999755859375,309.8800048828125,304.3699951171875,308.7799987792969,1265500
2024-06-27,308.29998779296875,308.44000244140625,303.19000244140625,304.1600036621094,1410300
2024-06-28,298.70001220703125,303.25,296.2099914550781,302.0,3496800
2024-07-01,302.3599853515625,302.5799865722656,295.489990234375,300.7300109863281,1526500
2024-07-02,301.6700134277344,304.3900146484375,299.67999267578125,300.45001220703125,1434800
2024-07-03,300.32000732421875,302.5899963378906,299.0199890136719,301.6700134277344,952000
2024-07-05,298.1400146484375,303.1400146484375,296.79998779296875,303.1400146484375,1255000
2024-07-08,294.0299987792969,301.9100036621094,293.510009765625,300.4200134277344,1705300
2024-07-09,289.8699951171875,293.70001220703125,288.1099853515625,293.70001220703125,2012800
2024-07-10,288.0799865722656,290.2099914550781,283.489990234375,288.7900085449219,2192400
2024-07-11,289.20001220703125,295.5,288.3900146484375,289.3999938964844,1799900
2024-07-12,291.05999755859375,296.3800048828125,287.7799987792969,292.80999755859375,1797700
2024-07-15,283.7200012207031,290.0,282.5799865722656,289.5,2195100
2024-07-16,291.760009765625,291.8699951171875,282.0400085449219,284.6600036621094,1879100
2024-07-17,292.67999267578125,293.94000244140625,288.510009765625,289.9599914550781,1576400
2024-07-18,285.1300048828125,295.3500061035156,284.69000244140625,293.69000244140625,1885700
2024-07-19,280.239990234375,287.0,279.1600036621094,286.94000244140625,1623700
2024-07-22,285.0,286.42999267578125,280.8500061035156,281.79998779296875,1457600
2024-07-23,281.3699951171875,287.25,281.20001220703125,285.20001220703125,1494100
2024-07-24,272.05999755859375,281.0,268.7799987792969,280.57000732421875,2647100
2024-07-25,247.32000732421875,262.0,245.58999633789062,260.9800109863281,9370500
2024-07-26,253.5,257.260009765625,246.99000549316406,250.0,4121400
2024-07-29,259.0299987792969,260.4599914550781,251.9499969482422,256.3900146484375,2308500
2024-07-30,256.0,259.3900146484375,253.6999969482422,258.29998779296875,1563900
2024-07-31,258.6600036621094,262.5,256.0,256.0,2048800
2024-08-01,249.0500030517578,260.1199951171875,246.1199951171875,258.6700134277344,2119400
2024-08-02,236.0,243.25,234.69000244140625,240.0,3097900
2024-08-05,233.39999389648438,236.35000610351562,226.00999450683594,228.0800018310547,2857400
2024-08-06,236.89999389648438,240.36000061035156,234.0,235.0,1848400
2024-08-07,233.44000244140625,244.64999389648438,232.9600067138672,239.9600067138672,1545100
2024-08-08,241.75,243.14999389648438,235.92999267578125,238.13999938964844,1762400
2024-08-09,238.72000122070312,240.8699951171875,237.27999877929688,240.75,1289800
2024-08-12,239.6999969482422,240.82000732421875,236.5500030517578,239.92999267578125,1412000
2024-08-13,241.9499969482422,245.72999572753906,238.91000366210938,241.33999633789062,1860900
2024-08-14,240.49000549316406,244.5,240.36000061035156,243.0,1157700
2024-08-15,256.54998779296875,258.3399963378906,250.1300048828125,250.82000732421875,3213500
2024-08-16,258.1000061035156,259.8999938964844,254.00999450683594,258.20001220703125,2090200
2024-08-19,259.1199951171875,263.0,258.4200134277344,259.6000061035156,2061000
2024-08-20,260.6000061035156,261.32000732421875,257.30999755859375,259.0,1411000
2024-08-21,265.6300048828125,270.54998779296875,263.5899963378906,265.8800048828125,1898100
2024-08-22,263.45001220703125,267.29998779296875,262.5,265.6400146484375,1613400
2024-08-23,268.54998779296875,268.95001220703125,264.6400146484375,265.1099853515625,1605400
2024-08-26,271.6600036621094,275.0400085449219,269.260009765625,272.1499938964844,2507200
2024-08-27,271.17999267578125,272.3299865722656,268.25,270.7900085449219,1955900
2024-08-28,258.8299865722656,267.8299865722656,255.2899932861328,266.67999267578125,2882000
2024-08-29,259.010009765625,263.3500061035156,258.2799987792969,261.8599853515625,4753200
2024-08-30,259.4700012207031,270.0,249.10000610351562,269.05999755859375,7373300
2024-09-03,258.0799865722656,261.7699890136719,251.75,258.260009765625,3072000
2024-09-04,255.50999450683594,257.489990234375,251.75999450683594,254.24000549316406,2415300
2024-09-05,253.6999969482422,257.7699890136719,252.5,255.83999633789062,1939000
2024-09-06,253.83999633789062,265.8999938964844,250.64999389648438,262.1300048828125,2589500
2024-09-09,248.58999633789062,258.17999267578125,247.10000610351562,253.88999938964844,2031700
2024-09-10,247.17999267578125,249.3800048828125,244.8800048828125,249.0,1440500
2024-09-11,255.1999969482422,255.69000244140625,243.3699951171875,248.0500030517578,1863000
2024-09-12,260.1400146484375,260.3900146484375,253.97000122070312,254.02000427246094,1819900
2024-09-13,266.760009765625,268.7799987792969,260.9100036621094,261.010009765625,1783200
2024-09-16,265.29998779296875,267.45001220703125,260.260009765625,266.989990234375,1368900
2024-09-17,268.4100036621094,270.44000244140625,264.6400146484375,266.8999938964844,1553900
2024-09-18,270.20001220703125,274.6400146484375,266.54998779296875,269.5799865722656,2109400
2024-09-19,270.760009765625,281.17999267578125,269.44000244140625,275.9800109863281,2463600
2024-09-20,262.6099853515625,270.760009765625,261.04998779296875,270.75,2866900
2024-09-23,259.79998779296875,264.1099853515625,259.5299987792969,263.0,1717000
2024-09-24,263.54998779296875,271.760009765625,262.7799987792969,266.69000244140625,2224000
2024-09-25,259.739990234375,264.0299987792969,257.6099853515625,263.0,1741400
2024-09-26,268.82000732421875,270.7300109863281,265.7300109863281,269.0,2187900
2024-09-27,280.010009765625,283.6600036621094,272.010009765625,273.2200012207031,2936200
2024-09-30,271.3500061035156,281.3299865722656,271.1000061035156,278.0,1977400
2024-10-01,266.45001220703125,269.6099853515625,261.75,267.6700134277344,1983500
2024-10-02,260.5299987792969,265.67999267578125,259.75,264.79998779296875,1712000
2024-10-03,262.55999755859375,262.82000732421875,256.5,258.4800109863281,1715300
2024-10-04,270.3800048828125,274.6600036621094,267.1199951171875,267.7699890136719,2175200
2024-10-07,272.4800109863281,273.57000732421875,264.20001220703125,270.6499938964844,2328700
2024-10-08,276.5899963378906,279.0,268.0,271.0899963378906,1952400
2024-10-09,274.1199951171875,278.57000732421875,272.1000061035156,277.8399963378906,1404600
2024-10-10,273.5799865722656,274.489990234375,268.1600036621094,273.6700134277344,1564900
2024-10-11,278.25,279.04998779296875,272.0,272.8999938964844,1486300
2024-10-14,286.760009765625,287.19000244140625,272.8999938964844,278.5,2125700
2024-10-15,287.4800109863281,292.45001220703125,285.2699890136719,286.4200134277344,1948600
2024-10-16,294.2099914550781,295.3599853515625,286.7099914550781,287.3399963378906,2344000
2024-10-17,283.7099914550781,295.6400146484375,283.6199951171875,294.4100036621094,2670500
2024-10-18,291.6300048828125,291.7900085449219,282.1499938964844,283.54998779296875,1693200
2024-10-21,297.739990234375,299.1600036621094,291.30999755859375,291.42999267578125,2482000
2024-10-22,298.8800048828125,304.489990234375,296.0,298.239990234375,2031000
2024-10-23,293.1400146484375,297.5299987792969,290.7099914550781,297.1400146484375,1179400
2024-10-24,298.989990234375,299.2200012207031,294.6199951171875,295.3999938964844,1165700
2024-10-25,304.1499938964844,313.0899963378906,302.510009765625,302.80999755859375,2594200
2024-10-28,307.5400085449219,310.1600036621094,304.5899963378906,306.0,1619100
2024-10-29,304.82000732421875,307.489990234375,303.8500061035156,307.489990234375,1605100
2024-10-30,303.8500061035156,308.79998779296875,301.5,303.4599914550781,1528900
2024-10-31,297.8999938964844,303.7099914550781,294.20001220703125,302.70001220703125,1761100
2024-11-01,321.1700134277344,322.3599853515625,297.760009765625,299.8500061035156,3874700
2024-11-04,318.1300048828125,322.42999267578125,316.7099914550781,320.25,2251000
2024-11-05,319.2300109863281,320.239990234375,316.19000244140625,317.0,1401600
2024-11-06,313.1400146484375,321.69000244140625,310.29998779296875,320.0,2205800
2024-11-07,315.29998779296875,323.010009765625,312.30999755859375,316.5400085449219,1567200
2024-11-08,308.5299987792969,316.0,308.44000244140625,315.0199890136719,1957900
2024-11-11,318.4599914550781,320.70001220703125,308.6199951171875,310.6300048828125,2064000
2024-11-12,320.8999938964844,322.25,314.1199951171875,317.0,1159200
2024-11-13,328.29998779296875,334.3500061035156,321.739990234375,323.7099914550781,2001000
2024-11-14,330.260009765625,334.5799865722656,324.5299987792969,328.67999267578125,1579600
2024-11-15,320.010009765625,331.32000732421875,319.760009765625,330.6199951171875,1264700
2024-11-18,309.5299987792969,322.42999267578125,307.8900146484375,322.0,1896900
2024-11-19,301.8500061035156,307.7900085449219,298.20001220703125,305.1700134277344,2090300
2024-11-20,308.30999755859375,309.1700134277344,298.6700134277344,298.739990234375,1404000
2024-11-21,315.1400146484375,316.489990234375,304.44000244140625,306.19000244140625,1521600
2024-11-22,317.1099853515625,327.6700134277344,315.1400146484375,315.1400146484375,1873200
2024-11-25,326.7200012207031,328.7099914550781,318.8599853515625,319.4599914550781,2150300
2024-11-26,318.8399963378906,326.2200012207031,318.239990234375,325.3999938964844,1209200
2024-11-27,319.5199890136719,322.8500061035156,316.4100036621094,319.82000732421875,1126300
2024-11-29,320.6600036621094,324.1600036621094,318.4700012207031,321.92999267578125,839200
2024-12-02,334.3999938964844,337.29998779296875,321.8299865722656,322.9100036621094,2330100
2024-12-03,340.6600036621094,341.4200134277344,329.739990234375,333.55999755859375,1924800
2024-12-04,342.2699890136719,342.94000244140625,337.1499938964844,338.8399963378906,2036400
2024-12-05,344.80999755859375,351.3800048828125,340.69000244140625,345.4800109863281,4435400
2024-12-06,399.6000061035156,409.70001220703125,377.0,377.0,10952000
2024-12-09,404.7900085449219,420.2099914550781,396.45001220703125,398.67999267578125,3708300
2024-12-10,397.1000061035156,407.54998779296875,393.0,404.0,2263300
2024-12-11,399.75,405.1600036621094,398.0799865722656,399.4700012207031,1359500
2024-12-12,389.3299865722656,398.239990234375,389.1700134277344,396.7300109863281,1572400
2024-12-13,391.6300048828125,392.6000061035156,385.0,387.010009765625,1442500
2024-12-16,389.739990234375,397.6600036621094,389.010009765625,390.9100036621094,1494400
2024-12-17,390.5899963378906,391.489990234375,382.0,386.1099853515625,1394600
2024-12-18,372.07000732421875,389.6700134277344,371.8800048828125,387.0,2096900
2024-12-19,373.5400085449219,377.5,368.6600036621094,375.0,2021600
2024-12-20,379.4200134277344,384.1600036621094,366.95001220703125,367.989990234375,3166900
2024-12-23,383.489990234375,388.3999938964844,376.7900085449219,379.8999938964844,1899900
2024-12-24,385.69000244140625,386.8800048828125,383.2099914550781,385.2099914550781,496400
2024-12-26,385.82000732421875,389.8599853515625,384.010009765625,384.8599853515625,1012900
2024-12-27,386.6700134277344,387.4800109863281,380.32000732421875,382.0,1075500
2024-12-30,384.04998779296875,389.19000244140625,377.5400085449219,380.0299987792969,1254700
2024-12-31,382.4100036621094,386.3599853515625,380.260009765625,384.05999755859375,1027600
2025-01-02,372.30999755859375,385.2799987792969,371.4800109863281,381.5,1350400
2025-01-03,378.17999267578125,382.0299987792969,373.7699890136719,375.5199890136719,1032500
2025-01-06,395.30999755859375,396.5899963378906,381.4200134277344,381.4200134277344,1729700
2025-01-07,393.4599914550781,414.82000732421875,393.1499938964844,403.8699951171875,1845200
2025-01-08,392.9200134277344,393.2200012207031,386.17999267578125,390.0,973400
2025-01-10,395.4700012207031,397.3500061035156,388.6700134277344,391.760009765625,1321800
2025-01-13,398.8599853515625,404.75,389.4800109863281,401.9200134277344,2086800
2025-01-14,388.739990234375,401.95001220703125,384.05999755859375,400.0,2531400
2025-01-15,376.6600036621094,393.3500061035156,374.3999938964844,391.5400085449219,2195800
2025-01-16,370.989990234375,377.8599853515625,367.1499938964844,377.6700134277344,1805300
2025-01-17,373.70001220703125,378.5299987792969,373.0400085449219,378.2699890136719,1344100
2025-01-21,372.80999755859375,377.7300109863281,367.20001220703125,375.94000244140625,2115500
2025-01-22,382.82000732421875,383.3800048828125,370.0,371.989990234375,1838500
2025-01-23,387.8500061035156,389.5,379.30999755859375,383.45001220703125,1445200
2025-01-24,400.0299987792969,400.7900085449219,385.7300109863281,390.1199951171875,1969600
2025-01-27,402.8999938964844,408.1199951171875,394.5,395.4800109863281,2337900
2025-01-28,409.4200134277344,416.0,403.239990234375,404.3900146484375,1660600
2025-01-29,411.1600036621094,413.54998779296875,407.6000061035156,410.3800048828125,976600
2025-01-30,421.1600036621094,423.32000732421875,413.510009765625,415.0,1519500
2025-01-31,414.20001220703125,422.8699951171875,412.0,419.1099853515625,1298000
2025-02-03,410.2900085449219,413.1400146484375,399.4800109863281,404.5,1752600
2025-02-04,415.8999938964844,417.9100036621094,408.42999267578125,409.239990234375,1088100
2025-02-05,412.79998779296875,417.0,411.07000732421875,415.9800109863281,1186400
2025-02-06,411.8299865722656,417.1199951171875,407.739990234375,416.25,1236300
2025-02-07,398.1000061035156,414.1400146484375,396.739990234375,414.1400146484375,1487700
2025-02-10,399.7099914550781,401.07000732421875,387.2799987792969,398.1000061035156,1341600
2025-02-11,397.6300048828125,403.2099914550781,397.1300048828125,398.1700134277344,866000
2025-02-12,395.1600036621094,399.7799987792969,390.29998779296875,392.95001220703125,1169300
2025-02-13,390.8500061035156,400.010009765625,390.0299987792969,400.010009765625,1529200
2025-02-14,366.67999267578125,393.5400085449219,365.6199951171875,393.5199890136719,3310300
2025-02-18,372.44000244140625,372.94000244140625,354.04998779296875,365.67999267578125,2251000
2025-02-19,367.2200012207031,374.4100036621094,362.8699951171875,370.1099853515625,1423400
2025-02-20,365.82000732421875,369.5299987792969,359.1000061035156,367.2099914550781,1463200
2025-02-21,358.9700012207031,366.989990234375,354.2900085449219,366.0,1400600
2025-02-24,368.2200012207031,372.4100036621094,360.0,364.0,2001700
2025-02-25,366.7200012207031,370.25,359.19000244140625,366.4100036621094,1365200
2025-02-26,366.0299987792969,372.6600036621094,363.0799865722656,366.3299865722656,1241800
2025-02-27,362.1600036621094,371.75,359.30999755859375,364.6400146484375,1438300
2025-02-28,365.6099853515625,366.5400085449219,358.0,358.67999267578125,1194100
2025-03-03,347.80999755859375,367.010009765625,345.5199890136719,365.79998779296875,1696800
2025-03-04,345.2900085449219,349.55999755859375,330.29998779296875,342.6199951171875,2120600
2025-03-05,349.5299987792969,350.79998779296875,340.8399963378906,344.1300048828125,1355100
2025-03-06,347.94000244140625,363.8800048828125,345.0,348.67999267578125,1783100
2025-03-07,344.3599853515625,347.739990234375,332.760009765625,347.1300048828125,1717400
2025-03-10,333.7699890136719,342.6099853515625,330.7200012207031,337.57000732421875,1956900
2025-03-11,319.4200134277344,333.94000244140625,317.7099914550781,333.70001220703125,2033100
2025-03-12,316.489990234375,324.79998779296875,315.6700134277344,322.989990234375,1685600
2025-03-13,309.67999267578125,317.25,304.7699890136719,316.0899963378906,1812000
2025-03-14,311.0299987792969,316.9800109863281,308.6600036621094,313.3999938964844,1513900
2025-03-17,327.0899963378906,330.4200134277344,313.5,314.2699890136719,1768300
2025-03-18,323.07000732421875,326.0,319.2200012207031,325.8900146484375,1122400
2025-03-19,329.57000732421875,330.80999755859375,318.55999755859375,319.45001220703125,1097900
2025-03-20,324.45001220703125,333.010009765625,323.29998779296875,327.04998779296875,1106500
2025-03-21,322.6199951171875,324.3800048828125,311.0,317.6400146484375,1986100
2025-03-24,334.9599914550781,336.3599853515625,324.80999755859375,324.80999755859375,1703800
2025-03-25,337.3500061035156,346.7200012207031,334.739990234375,342.5,2040400
2025-03-26,337.7900085449219,340.7699890136719,332.4200134277344,336.760009765625,2301300
2025-03-27,341.5299987792969,348.5,334.07000732421875,334.25,4470400
2025-03-28,293.05999755859375,304.0,287.5,301.04998779296875,12903100
